0	0.45	0.5
10	0.46	0.5
20	0.48	0.5
30	0.44	0.5
40	0.56	0.5
50	0.49	0.5
60	0.47	0.5
70	0.45	0.5
80	0.5	0.5
90	0.43	0.5
100	0.5	0.5
110	0.48	0.5
120	0.5	0.5
130	0.5	0.5
140	0.46	0.5
150	0.52	0.5
160	0.54	0.5
170	0.61	0.5
180	0.52	0.5
190	0.47	0.5
200	0.55	0.5
210	0.49	0.5
220	0.52	0.5
230	0.48	0.5
240	0.47	0.5
250	0.52	0.5
260	0.56	0.5
270	0.41	0.5
280	0.5	0.5
290	0.59	0.5
300	0.47	0.5
310	0.59	0.5
320	0.49	0.5
330	0.58	0.5
340	0.49	0.5
350	0.42	0.5
360	0.52	0.5
370	0.52	0.5
380	0.51	0.5
390	0.45	0.5
400	0.47	0.5
410	0.47	0.5
420	0.59	0.5
430	0.44	0.5
440	0.54	0.5
450	0.58	0.5
460	0.54	0.5
470	0.44	0.5
480	0.52	0.5
490	0.46	0.5
500	0.48	0.5
510	0.46	0.5
520	0.54	0.5
530	0.56	0.5
540	0.53	0.5
550	0.48	0.5
560	0.56	0.5
570	0.48	0.5
580	0.51	0.5
590	0.44	0.5
600	0.46	0.5
610	0.47	0.5
620	0.5	0.5
630	0.57	0.5
640	0.56	0.5
650	0.39	0.5
660	0.41	0.5
670	0.48	0.5
680	0.5	0.5
690	0.52	0.5
700	0.52	0.5
710	0.45	0.5
720	0.44	0.5
730	0.51	0.5
740	0.53	0.5
750	0.5	0.5
760	0.49	0.5
770	0.56	0.5
780	0.36	0.5
790	0.48	0.5
800	0.52	0.5
810	0.47	0.5
820	0.56	0.5
830	0.49	0.5
840	0.49	0.5
850	0.55	0.5
860	0.45	0.5
870	0.44	0.5
880	0.49	0.5
890	0.49	0.5
900	0.48	0.5
910	0.47	0.5
920	0.44	0.5
930	0.52	0.5
940	0.54	0.5
950	0.54	0.5
960	0.48	0.5
970	0.48	0.5
980	0.42	0.5
990	0.46	0.5
1000	0.46	0.5
1010	0.52	0.5
1020	0.41	0.5
1030	0.48	0.5
1040	0.51	0.5
1050	0.49	0.5
1060	0.44	0.5
1070	0.51	0.5
1080	0.55	0.5
1090	0.44	0.5
1100	0.56	0.5
1110	0.42	0.5
1120	0.46	0.5
1130	0.44	0.5
1140	0.53	0.5
1150	0.57	0.5
1160	0.47	0.5
1170	0.59	0.5
1180	0.48	0.5
1190	0.49	0.5
1200	0.51	0.5
1210	0.4	0.5
1220	0.46	0.5
1230	0.42	0.5
1240	0.58	0.5
1250	0.57	0.5
1260	0.49	0.5
1270	0.54	0.5
1280	0.52	0.5
1290	0.51	0.5
1300	0.45	0.5
1310	0.5	0.5
1320	0.55	0.5
1330	0.54	0.5
1340	0.5	0.5
1350	0.58	0.5
1360	0.54	0.5
1370	0.5	0.5
1380	0.53	0.5
1390	0.52	0.5
1400	0.51	0.5
1410	0.54	0.5
1420	0.62	0.5
1430	0.5	0.5
1440	0.5	0.5
1450	0.43	0.5
1460	0.45	0.5
1470	0.4	0.5
1480	0.49	0.5
1490	0.49	0.5
1500	0.45	0.5
1510	0.44	0.5
1520	0.49	0.5
1530	0.54	0.5
1540	0.52	0.5
1550	0.57	0.5
1560	0.48	0.5
1570	0.4	0.5
1580	0.5	0.5
1590	0.45	0.5
1600	0.47	0.5
1610	0.44	0.5
1620	0.55	0.5
1630	0.54	0.5
1640	0.58	0.5
1650	0.49	0.5
1660	0.46	0.5
1670	0.45	0.5
1680	0.47	0.5
1690	0.46	0.5
1700	0.47	0.5
1710	0.51	0.5
1720	0.53	0.5
1730	0.54	0.5
1740	0.55	0.5
1750	0.52	0.5
1760	0.47	0.5
1770	0.42	0.5
1780	0.58	0.5
1790	0.44	0.5
1800	0.53	0.5
1810	0.52	0.5
1820	0.56	0.5
1830	0.62	0.5
1840	0.62	0.5
1850	0.5	0.5
1860	0.35	0.5
1870	0.49	0.5
1880	0.5	0.5
1890	0.54	0.5
1900	0.47	0.5
1910	0.44	0.5
1920	0.5	0.5
1930	0.47	0.5
1940	0.45	0.5
1950	0.48	0.5
1960	0.4	0.5
1970	0.57	0.5
1980	0.42	0.5
1990	0.54	0.5
2000	0.41	0.5
2010	0.39	0.5
2020	0.45	0.5
2030	0.46	0.5
2040	0.5	0.5
2050	0.44	0.5
2060	0.43	0.5
2070	0.49	0.5
2080	0.5	0.5
2090	0.47	0.5
2100	0.42	0.5
2110	0.49	0.5
2120	0.59	0.5
2130	0.49	0.5
2140	0.59	0.5
2150	0.51	0.5
2160	0.58	0.5
2170	0.47	0.5
2180	0.58	0.5
2190	0.43	0.5
2200	0.49	0.5
2210	0.46	0.5
2220	0.44	0.5
2230	0.47	0.5
2240	0.49	0.5
2250	0.45	0.5
2260	0.49	0.5
2270	0.51	0.5
2280	0.45	0.5
2290	0.54	0.5
2300	0.52	0.5
2310	0.47	0.5
2320	0.5	0.5
2330	0.55	0.5
2340	0.46	0.5
2350	0.39	0.5
2360	0.55	0.5
2370	0.46	0.5
2380	0.51	0.5
2390	0.51	0.5
2400	0.56	0.5
2410	0.52	0.5
2420	0.49	0.5
2430	0.48	0.5
2440	0.49	0.5
2450	0.46	0.5
2460	0.48	0.5
2470	0.48	0.5
2480	0.41	0.5
2490	0.57	0.5
2500	0.48	0.5
2510	0.5	0.5
2520	0.43	0.5
2530	0.48	0.5
2540	0.5	0.5
2550	0.49	0.5
2560	0.48	0.5
2570	0.37	0.5
2580	0.52	0.5
2590	0.46	0.5
2600	0.51	0.5
2610	0.49	0.5
2620	0.49	0.5
2630	0.52	0.5
2640	0.47	0.5
2650	0.55	0.5
2660	0.54	0.5
2670	0.52	0.5
2680	0.42	0.5
2690	0.51	0.5
2700	0.5	0.5
2710	0.43	0.5
2720	0.44	0.5
2730	0.49	0.5
2740	0.49	0.5
2750	0.45	0.5
2760	0.49	0.5
2770	0.5	0.5
2780	0.44	0.5
2790	0.46	0.5
2800	0.54	0.5
2810	0.46	0.5
2820	0.52	0.5
2830	0.42	0.5
2840	0.45	0.5
2850	0.5	0.5
2860	0.48	0.5
2870	0.56	0.5
2880	0.56	0.5
2890	0.51	0.5
2900	0.51	0.5
2910	0.57	0.5
2920	0.5	0.5
2930	0.44	0.5
2940	0.44	0.5
2950	0.47	0.5
2960	0.46	0.5
2970	0.52	0.5
2980	0.49	0.5
2990	0.47	0.5
3000	0.44	0.5
3010	0.52	0.5
3020	0.44	0.5
3030	0.42	0.5
3040	0.49	0.5
3050	0.47	0.5
3060	0.46	0.5
3070	0.45	0.5
3080	0.5	0.5
3090	0.5	0.5
3100	0.42	0.5
3110	0.52	0.505556
3120	0.45	0.505556
3130	0.53	0.505556
3140	0.58	0.505556
3150	0.47	0.505556
3160	0.56	0.505556
3170	0.51	0.505556
3180	0.44	0.505556
3190	0.49	0.505556
3200	0.45	0.505556
3210	0.46	0.505556
3220	0.58	0.505556
3230	0.54	0.505556
3240	0.46	0.505556
3250	0.49	0.505556
3260	0.42	0.505556
3270	0.48	0.505556
3280	0.49	0.505556
3290	0.53	0.505556
3300	0.48	0.505556
3310	0.56	0.505556
3320	0.5	0.505556
3330	0.44	0.505556
3340	0.49	0.505556
3350	0.53	0.505556
3360	0.52	0.505556
3370	0.48	0.505556
3380	0.45	0.505556
3390	0.55	0.505556
3400	0.55	0.505556
3410	0.55	0.505556
3420	0.47	0.505556
3430	0.43	0.505556
3440	0.55	0.505556
3450	0.52	0.505556
3460	0.51	0.505556
3470	0.51	0.505556
3480	0.45	0.505556
3490	0.54	0.505556
3500	0.57	0.505556
3510	0.47	0.505556
3520	0.53	0.505556
3530	0.51	0.505556
3540	0.46	0.511111
3550	0.56	0.511111
3560	0.48	0.511111
3570	0.53	0.511111
3580	0.47	0.505556
3590	0.56	0.511111
3600	0.44	0.511111
3610	0.61	0.511111
3620	0.54	0.511111
3630	0.55	0.511111
3640	0.49	0.511111
3650	0.59	0.511111
3660	0.49	0.516667
3670	0.51	0.516667
3680	0.43	0.516667
3690	0.53	0.516667
3700	0.51	0.516667
3710	0.56	0.522222
3720	0.5	0.522222
3730	0.53	0.522222
3740	0.54	0.522222
3750	0.54	0.522222
3760	0.5	0.522222
3770	0.53	0.522222
3780	0.44	0.522222
3790	0.51	0.527778
3800	0.46	0.527778
3810	0.5	0.527778
3820	0.52	0.533333
3830	0.51	0.533333
3840	0.45	0.533333
3850	0.5	0.533333
3860	0.5	0.527778
3870	0.49	0.527778
3880	0.48	0.527778
3890	0.61	0.527778
3900	0.47	0.527778
3910	0.55	0.527778
3920	0.6	0.527778
3930	0.47	0.533333
3940	0.55	0.527778
3950	0.57	0.527778
3960	0.6	0.533333
3970	0.56	0.533333
3980	0.57	0.533333
3990	0.65	0.538889
4000	0.59	0.538889
4010	0.59	0.538889
4020	0.53	0.538889
4030	0.52	0.544444
4040	0.61	0.555556
4050	0.58	0.561111
4060	0.55	0.555556
4070	0.67	0.555556
4080	0.5	0.544444
4090	0.59	0.544444
4100	0.58	0.55
4110	0.56	0.544444
4120	0.6	0.55
4130	0.5	0.55
4140	0.54	0.55
4150	0.54	0.55
4160	0.55	0.55
4170	0.56	0.55
4180	0.48	0.555556
4190	0.5	0.561111
4200	0.64	0.561111
4210	0.56	0.555556
4220	0.52	0.555556
4230	0.68	0.555556
4240	0.53	0.555556
4250	0.56	0.555556
4260	0.57	0.555556
4270	0.56	0.555556
4280	0.68	0.555556
4290	0.61	0.555556
4300	0.56	0.555556
4310	0.48	0.555556
4320	0.53	0.555556
4330	0.56	0.555556
4340	0.53	0.555556
4350	0.57	0.555556
4360	0.61	0.555556
4370	0.54	0.555556
4380	0.55	0.555556
4390	0.54	0.555556
4400	0.57	0.561111
4410	0.46	0.561111
4420	0.55	0.561111
4430	0.62	0.561111
4440	0.54	0.561111
4450	0.63	0.555556
4460	0.65	0.561111
4470	0.57	0.561111
4480	0.6	0.561111
4490	0.61	0.555556
4500	0.54	0.55
4510	0.54	0.555556
4520	0.53	0.561111
4530	0.54	0.566667
4540	0.59	0.566667
4550	0.61	0.566667
4560	0.55	0.566667
4570	0.52	0.566667
4580	0.61	0.566667
4590	0.55	0.566667
4600	0.68	0.572222
4610	0.64	0.577778
4620	0.58	0.583333
4630	0.65	0.577778
4640	0.6	0.583333
4650	0.56	0.583333
4660	0.59	0.577778
4670	0.5	0.577778
4680	0.58	0.577778
4690	0.56	0.583333
4700	0.63	0.583333
4710	0.6	0.588889
4720	0.61	0.588889
4730	0.45	0.588889
4740	0.55	0.588889
4750	0.53	0.583333
4760	0.66	0.588889
4770	0.56	0.583333
4780	0.6	0.588889
4790	0.62	0.588889
4800	0.69	0.588889
4810	0.54	0.588889
4820	0.55	0.588889
4830	0.7	0.583333
4840	0.54	0.583333
4850	0.56	0.588889
4860	0.53	0.588889
4870	0.65	0.588889
4880	0.54	0.588889
4890	0.63	0.588889
4900	0.61	0.594444
4910	0.67	0.594444
4920	0.53	0.594444
4930	0.61	0.594444
4940	0.59	0.583333
4950	0.6	0.594444
4960	0.6	0.583333
4970	0.6	0.588889
4980	0.5	0.588889
4990	0.59	0.588889
5000	0.75	0.588889
5010	0.58	0.594444
5020	0.57	0.594444
5030	0.63	0.594444
5040	0.54	0.594444
5050	0.6	0.594444
5060	0.47	0.594444
5070	0.63	0.594444
5080	0.61	0.594444
5090	0.6	0.572222
5100	0.56	0.572222
5110	0.6	0.572222
5120	0.62	0.572222
5130	0.63	0.572222
5140	0.64	0.572222
5150	0.68	0.572222
5160	0.61	0.572222
5170	0.6	0.555556
5180	0.62	0.55
5190	0.58	0.555556
5200	0.63	0.544444
5210	0.63	0.55
5220	0.55	0.55
5230	0.69	0.55
5240	0.71	0.55
5250	0.69	0.55
5260	0.66	0.55
5270	0.69	0.555556
5280	0.57	0.561111
5290	0.65	0.555556
5300	0.77	0.55
5310	0.64	0.55
5320	0.58	0.555556
5330	0.57	0.555556
5340	0.67	0.555556
5350	0.64	0.55
5360	0.57	0.55
5370	0.62	0.55
5380	0.67	0.55
5390	0.61	0.555556
5400	0.65	0.55
5410	0.61	0.55
5420	0.6	0.55
5430	0.64	0.55
5440	0.57	0.55
5450	0.7	0.55
5460	0.66	0.544444
5470	0.61	0.544444
5480	0.59	0.544444
5490	0.66	0.544444
5500	0.62	0.544444
5510	0.56	0.533333
5520	0.64	0.533333
5530	0.7	0.533333
5540	0.64	0.533333
5550	0.51	0.533333
5560	0.57	0.533333
5570	0.59	0.533333
5580	0.77	0.544444
5590	0.64	0.538889
5600	0.62	0.538889
5610	0.61	0.538889
5620	0.64	0.538889
5630	0.67	0.55
5640	0.57	0.544444
5650	0.72	0.538889
5660	0.68	0.538889
5670	0.56	0.538889
5680	0.6	0.538889
5690	0.58	0.538889
5700	0.66	0.538889
5710	0.66	0.538889
5720	0.66	0.538889
5730	0.68	0.538889
5740	0.63	0.538889
5750	0.69	0.538889
5760	0.75	0.538889
5770	0.63	0.538889
5780	0.67	0.533333
5790	0.6	0.538889
5800	0.57	0.538889
5810	0.66	0.544444
5820	0.67	0.544444
5830	0.67	0.544444
5840	0.59	0.55
5850	0.59	0.55
5860	0.62	0.55
5870	0.63	0.55
5880	0.61	0.555556
5890	0.64	0.538889
5900	0.7	0.538889
5910	0.66	0.538889
5920	0.69	0.538889
5930	0.68	0.538889
5940	0.73	0.538889
5950	0.63	0.538889
5960	0.59	0.538889
5970	0.69	0.538889
5980	0.6	0.538889
5990	0.74	0.538889
6000	0.71	0.538889
6010	0.69	0.538889
6020	0.62	0.533333
6030	0.72	0.533333
6040	0.57	0.533333
6050	0.64	0.533333
6060	0.68	0.533333
6070	0.71	0.533333
6080	0.67	0.533333
6090	0.65	0.533333
6100	0.71	0.533333
6110	0.66	0.527778
6120	0.62	0.527778
6130	0.63	0.538889
6140	0.6	0.538889
6150	0.62	0.538889
6160	0.74	0.533333
6170	0.55	0.533333
6180	0.66	0.538889
6190	0.7	0.538889
6200	0.68	0.538889
6210	0.53	0.538889
6220	0.61	0.527778
6230	0.61	0.527778
6240	0.66	0.538889
6250	0.57	0.538889
6260	0.68	0.538889
6270	0.57	0.533333
6280	0.69	0.538889
6290	0.66	0.538889
6300	0.65	0.538889
6310	0.58	0.538889
6320	0.64	0.533333
6330	0.69	0.533333
6340	0.71	0.533333
6350	0.63	0.533333
6360	0.69	0.533333
6370	0.58	0.533333
6380	0.65	0.533333
6390	0.63	0.533333
6400	0.59	0.533333
6410	0.64	0.538889
6420	0.65	0.544444
6430	0.7	0.544444
6440	0.6	0.538889
6450	0.67	0.533333
6460	0.63	0.533333
6470	0.6	0.538889
6480	0.58	0.544444
6490	0.59	0.544444
6500	0.74	0.533333
6510	0.73	0.527778
6520	0.58	0.533333
6530	0.65	0.527778
6540	0.7	0.527778
6550	0.58	0.527778
6560	0.64	0.533333
6570	0.62	0.533333
6580	0.58	0.533333
6590	0.71	0.533333
6600	0.64	0.533333
6610	0.65	0.533333
6620	0.58	0.538889
6630	0.67	0.538889
6640	0.67	0.538889
6650	0.65	0.538889
6660	0.58	0.538889
6670	0.64	0.533333
6680	0.64	0.533333
6690	0.65	0.533333
6700	0.59	0.533333
6710	0.64	0.533333
6720	0.7	0.538889
6730	0.6	0.538889
6740	0.59	0.55
6750	0.54	0.55
6760	0.64	0.55
6770	0.72	0.55
6780	0.65	0.561111
6790	0.63	0.561111
6800	0.59	0.55
6810	0.65	0.55
6820	0.58	0.55
6830	0.61	0.55
6840	0.67	0.55
6850	0.59	0.55
6860	0.55	0.55
6870	0.64	0.55
6880	0.54	0.561111
6890	0.64	0.55
6900	0.55	0.55
6910	0.69	0.561111
6920	0.67	0.555556
6930	0.64	0.555556
6940	0.65	0.555556
6950	0.62	0.55
6960	0.61	0.561111
6970	0.63	0.561111
6980	0.58	0.561111
6990	0.6	0.561111
7000	0.69	0.561111
7010	0.64	0.561111
7020	0.65	0.561111
7030	0.71	0.566667
7040	0.68	0.566667
7050	0.63	0.566667
7060	0.62	0.566667
7070	0.65	0.555556
7080	0.59	0.555556
7090	0.61	0.561111
7100	0.65	0.561111
7110	0.61	0.561111
7120	0.61	0.555556
7130	0.68	0.566667
7140	0.61	0.561111
7150	0.68	0.566667
7160	0.66	0.555556
7170	0.68	0.555556
7180	0.52	0.555556
7190	0.66	0.555556
7200	0.7	0.544444
7210	0.53	0.544444
7220	0.6	0.544444
7230	0.57	0.555556
7240	0.69	0.55
7250	0.75	0.561111
7260	0.58	0.55
7270	0.72	0.55
7280	0.63	0.555556
7290	0.6	0.555556
7300	0.69	0.561111
7310	0.65	0.561111
7320	0.67	0.561111
7330	0.64	0.561111
7340	0.69	0.561111
7350	0.75	0.561111
7360	0.67	0.561111
7370	0.62	0.561111
7380	0.61	0.561111
7390	0.61	0.561111
7400	0.61	0.561111
7410	0.63	0.561111
7420	0.62	0.561111
7430	0.59	0.566667
7440	0.65	0.566667
7450	0.6	0.566667
7460	0.63	0.566667
7470	0.73	0.566667
7480	0.7	0.572222
7490	0.63	0.561111
7500	0.66	0.561111
7510	0.61	0.561111
7520	0.65	0.572222
7530	0.65	0.566667
7540	0.6	0.572222
7550	0.63	0.572222
7560	0.55	0.561111
7570	0.65	0.572222
7580	0.6	0.561111
7590	0.61	0.561111
7600	0.64	0.561111
7610	0.6	0.566667
7620	0.65	0.566667
7630	0.67	0.572222
7640	0.71	0.572222
7650	0.62	0.572222
7660	0.61	0.572222
7670	0.68	0.566667
7680	0.65	0.572222
7690	0.65	0.561111
7700	0.65	0.561111
7710	0.69	0.561111
7720	0.69	0.561111
7730	0.65	0.544444
7740	0.69	0.544444
7750	0.62	0.544444
7760	0.65	0.544444
7770	0.74	0.544444
7780	0.68	0.55
7790	0.72	0.55
7800	0.67	0.561111
7810	0.73	0.561111
7820	0.64	0.561111
7830	0.62	0.561111
7840	0.65	0.561111
7850	0.68	0.566667
7860	0.61	0.55
7870	0.59	0.55
7880	0.66	0.544444
7890	0.71	0.544444
7900	0.58	0.533333
7910	0.62	0.533333
7920	0.63	0.533333
7930	0.61	0.533333
7940	0.64	0.533333
7950	0.62	0.533333
7960	0.6	0.533333
7970	0.67	0.533333
7980	0.7	0.533333
7990	0.54	0.533333
8000	0.59	0.533333
8010	0.67	0.533333
8020	0.64	0.533333
8030	0.62	0.533333
8040	0.65	0.55
8050	0.65	0.55
8060	0.53	0.55
8070	0.62	0.555556
8080	0.67	0.555556
8090	0.63	0.555556
8100	0.67	0.555556
8110	0.62	0.555556
8120	0.62	0.555556
8130	0.63	0.555556
8140	0.58	0.555556
8150	0.62	0.555556
8160	0.64	0.555556
8170	0.7	0.555556
8180	0.68	0.555556
8190	0.67	0.555556
8200	0.73	0.555556
8210	0.69	0.555556
8220	0.62	0.555556
8230	0.68	0.561111
8240	0.65	0.561111
8250	0.68	0.561111
8260	0.63	0.555556
8270	0.6	0.555556
8280	0.6	0.544444
8290	0.63	0.544444
8300	0.58	0.544444
8310	0.67	0.544444
8320	0.63	0.544444
8330	0.71	0.544444
8340	0.58	0.544444
8350	0.61	0.544444
8360	0.58	0.544444
8370	0.51	0.544444
8380	0.67	0.544444
8390	0.62	0.555556
8400	0.59	0.544444
8410	0.65	0.544444
8420	0.6	0.544444
8430	0.63	0.544444
8440	0.69	0.55
8450	0.64	0.55
8460	0.63	0.55
8470	0.74	0.561111
8480	0.62	0.561111
8490	0.68	0.55
8500	0.73	0.55
8510	0.66	0.55
8520	0.64	0.544444
8530	0.57	0.55
8540	0.63	0.55
8550	0.63	0.55
8560	0.67	0.561111
8570	0.58	0.55
8580	0.71	0.55
8590	0.65	0.55
8600	0.56	0.55
8610	0.69	0.55
8620	0.65	0.55
8630	0.59	0.55
8640	0.7	0.561111
8650	0.67	0.561111
8660	0.66	0.561111
8670	0.57	0.561111
8680	0.6	0.561111
8690	0.61	0.561111
8700	0.64	0.561111
8710	0.69	0.561111
8720	0.64	0.561111
8730	0.63	0.55
8740	0.67	0.55
8750	0.65	0.55
8760	0.65	0.55
8770	0.67	0.55
8780	0.6	0.561111
8790	0.66	0.561111
8800	0.75	0.561111
8810	0.65	0.561111
8820	0.63	0.55
8830	0.68	0.55
8840	0.7	0.55
8850	0.65	0.55
8860	0.59	0.55
8870	0.64	0.55
8880	0.66	0.55
8890	0.66	0.55
8900	0.62	0.55
8910	0.62	0.55
8920	0.64	0.561111
8930	0.67	0.566667
8940	0.66	0.566667
8950	0.59	0.572222
8960	0.76	0.577778
8970	0.72	0.577778
8980	0.72	0.577778
8990	0.62	0.577778
9000	0.58	0.577778
9010	0.66	0.577778
9020	0.63	0.577778
9030	0.61	0.577778
9040	0.62	0.572222
9050	0.65	0.572222
9060	0.65	0.572222
9070	0.66	0.572222
9080	0.65	0.572222
9090	0.63	0.572222
9100	0.59	0.577778
9110	0.68	0.577778
9120	0.67	0.577778
9130	0.61	0.577778
9140	0.68	0.577778
9150	0.64	0.577778
9160	0.74	0.583333
9170	0.65	0.583333
9180	0.64	0.572222
9190	0.55	0.572222
9200	0.57	0.572222
9210	0.64	0.572222
9220	0.65	0.572222
9230	0.63	0.572222
9240	0.56	0.572222
9250	0.65	0.572222
9260	0.6	0.572222
9270	0.74	0.572222
9280	0.62	0.572222
9290	0.66	0.572222
9300	0.59	0.572222
9310	0.64	0.572222
9320	0.75	0.572222
9330	0.62	0.572222
9340	0.7	0.572222
9350	0.67	0.572222
9360	0.69	0.572222
9370	0.66	0.572222
9380	0.66	0.572222
9390	0.68	0.577778
9400	0.7	0.577778
9410	0.62	0.577778
9420	0.59	0.577778
9430	0.62	0.588889
9440	0.62	0.577778
9450	0.69	0.577778
9460	0.59	0.577778
9470	0.64	0.577778
9480	0.69	0.577778
9490	0.6	0.577778
9500	0.67	0.577778
9510	0.58	0.577778
9520	0.56	0.577778
9530	0.6	0.577778
9540	0.7	0.577778
9550	0.61	0.577778
9560	0.54	0.577778
9570	0.61	0.577778
9580	0.66	0.588889
9590	0.68	0.588889
9600	0.59	0.583333
9610	0.74	0.583333
9620	0.62	0.583333
9630	0.61	0.583333
9640	0.69	0.588889
9650	0.67	0.588889
9660	0.64	0.577778
9670	0.61	0.588889
9680	0.6	0.583333
9690	0.61	0.583333
9700	0.66	0.583333
9710	0.61	0.583333
9720	0.62	0.583333
9730	0.66	0.583333
9740	0.6	0.588889
9750	0.54	0.577778
9760	0.64	0.577778
9770	0.62	0.577778
9780	0.62	0.577778
9790	0.66	0.577778
9800	0.66	0.577778
9810	0.72	0.577778
9820	0.56	0.572222
9830	0.66	0.555556
9840	0.6	0.566667
9850	0.68	0.572222
9860	0.69	0.572222
9870	0.68	0.555556
9880	0.64	0.555556
9890	0.64	0.555556
9900	0.65	0.555556
9910	0.61	0.566667
9920	0.67	0.572222
9930	0.68	0.572222
9940	0.64	0.572222
9950	0.63	0.555556
9960	0.6	0.555556
9970	0.63	0.555556
9980	0.54	0.555556
9990	0.64	0.555556
10000	0.66	0.555556
10010	0.63	0.555556
10020	0.62	0.555556
10030	0.63	0.561111
10040	0.68	0.555556
10050	0.51	0.555556
10060	0.6	0.561111
10070	0.64	0.555556
10080	0.68	0.561111
10090	0.62	0.555556
10100	0.65	0.555556
10110	0.62	0.555556
10120	0.56	0.555556
10130	0.68	0.555556
10140	0.68	0.555556
10150	0.63	0.555556
10160	0.64	0.555556
10170	0.61	0.555556
10180	0.61	0.555556
10190	0.65	0.555556
10200	0.62	0.555556
10210	0.65	0.555556
10220	0.68	0.555556
10230	0.64	0.555556
10240	0.75	0.555556
10250	0.68	0.555556
10260	0.72	0.55
10270	0.74	0.55
10280	0.59	0.55
10290	0.58	0.555556
10300	0.61	0.555556
10310	0.62	0.555556
10320	0.65	0.555556
10330	0.69	0.555556
10340	0.58	0.555556
10350	0.71	0.555556
10360	0.64	0.555556
10370	0.62	0.555556
10380	0.66	0.555556
10390	0.64	0.555556
10400	0.69	0.555556
10410	0.65	0.555556
10420	0.64	0.555556
10430	0.61	0.555556
10440	0.54	0.555556
10450	0.67	0.55
10460	0.65	0.555556
10470	0.58	0.555556
10480	0.61	0.555556
10490	0.67	0.555556
10500	0.62	0.555556
10510	0.7	0.555556
10520	0.68	0.555556
10530	0.67	0.555556
10540	0.54	0.555556
10550	0.69	0.555556
10560	0.59	0.555556
10570	0.68	0.555556
10580	0.72	0.555556
10590	0.66	0.555556
10600	0.6	0.555556
10610	0.61	0.555556
10620	0.63	0.555556
10630	0.56	0.555556
10640	0.61	0.555556
10650	0.69	0.555556
10660	0.68	0.55
10670	0.66	0.555556
10680	0.62	0.555556
10690	0.67	0.555556
10700	0.57	0.555556
10710	0.67	0.555556
10720	0.61	0.555556
10730	0.67	0.561111
10740	0.64	0.555556
10750	0.72	0.555556
10760	0.64	0.555556
10770	0.64	0.555556
10780	0.67	0.555556
10790	0.7	0.555556
10800	0.63	0.566667
10810	0.69	0.566667
10820	0.66	0.566667
10830	0.63	0.566667
10840	0.68	0.566667
10850	0.66	0.566667
10860	0.66	0.566667
10870	0.7	0.555556
10880	0.68	0.555556
10890	0.63	0.555556
10900	0.66	0.555556
10910	0.66	0.555556
10920	0.72	0.555556
10930	0.71	0.555556
10940	0.61	0.555556
10950	0.68	0.555556
10960	0.65	0.555556
10970	0.72	0.555556
10980	0.6	0.555556
10990	0.73	0.555556
11000	0.68	0.555556
11010	0.72	0.555556
11020	0.75	0.555556
11030	0.64	0.566667
11040	0.7	0.566667
11050	0.6	0.555556
11060	0.7	0.555556
11070	0.64	0.555556
11080	0.65	0.555556
11090	0.69	0.555556
11100	0.65	0.555556
11110	0.66	0.555556
11120	0.65	0.555556
11130	0.64	0.555556
11140	0.61	0.555556
11150	0.66	0.555556
11160	0.68	0.555556
11170	0.72	0.555556
11180	0.69	0.555556
11190	0.7	0.555556
11200	0.73	0.555556
11210	0.66	0.555556
11220	0.75	0.555556
11230	0.61	0.555556
11240	0.59	0.555556
11250	0.62	0.561111
11260	0.62	0.55
11270	0.6	0.55
11280	0.67	0.55
11290	0.68	0.555556
11300	0.6	0.555556
11310	0.64	0.561111
11320	0.6	0.561111
11330	0.62	0.555556
11340	0.67	0.555556
11350	0.7	0.561111
11360	0.62	0.561111
11370	0.78	0.561111
11380	0.67	0.561111
11390	0.62	0.561111
11400	0.6	0.561111
11410	0.65	0.566667
11420	0.65	0.566667
11430	0.61	0.561111
11440	0.68	0.561111
11450	0.68	0.561111
11460	0.55	0.561111
11470	0.63	0.561111
11480	0.65	0.561111
11490	0.6	0.561111
11500	0.63	0.561111
11510	0.71	0.561111
11520	0.65	0.561111
11530	0.6	0.561111
11540	0.6	0.561111
11550	0.65	0.561111
11560	0.64	0.561111
11570	0.66	0.561111
11580	0.69	0.561111
11590	0.72	0.561111
11600	0.64	0.561111
11610	0.73	0.561111
11620	0.72	0.561111
11630	0.6	0.561111
11640	0.65	0.561111
11650	0.67	0.561111
11660	0.65	0.561111
11670	0.69	0.561111
11680	0.69	0.561111
11690	0.65	0.561111
11700	0.66	0.561111
11710	0.65	0.561111
11720	0.73	0.561111
11730	0.6	0.561111
11740	0.61	0.561111
11750	0.63	0.561111
11760	0.65	0.561111
11770	0.65	0.572222
11780	0.78	0.572222
11790	0.66	0.572222
11800	0.73	0.561111
11810	0.68	0.561111
11820	0.63	0.561111
11830	0.67	0.561111
11840	0.67	0.561111
11850	0.63	0.561111
11860	0.76	0.561111
11870	0.58	0.561111
11880	0.63	0.561111
11890	0.66	0.561111
11900	0.64	0.561111
11910	0.67	0.561111
11920	0.59	0.561111
11930	0.68	0.561111
11940	0.67	0.561111
11950	0.63	0.561111
11960	0.54	0.561111
11970	0.64	0.561111
11980	0.62	0.555556
11990	0.69	0.55
12000	0.67	0.55
12010	0.61	0.55
12020	0.71	0.55
12030	0.65	0.555556
12040	0.67	0.555556
12050	0.72	0.555556
12060	0.6	0.555556
12070	0.72	0.555556
12080	0.61	0.555556
12090	0.72	0.555556
12100	0.7	0.555556
12110	0.54	0.555556
12120	0.74	0.55
12130	0.66	0.555556
12140	0.68	0.555556
12150	0.66	0.555556
12160	0.69	0.555556
12170	0.73	0.55
12180	0.68	0.555556
12190	0.73	0.555556
12200	0.65	0.555556
12210	0.8	0.555556
12220	0.59	0.55
12230	0.64	0.55
12240	0.74	0.55
12250	0.66	0.555556
12260	0.59	0.555556
12270	0.65	0.555556
12280	0.59	0.555556
12290	0.65	0.561111
12300	0.61	0.555556
12310	0.63	0.561111
12320	0.64	0.561111
12330	0.59	0.561111
12340	0.59	0.561111
12350	0.7	0.561111
12360	0.63	0.561111
12370	0.71	0.561111
12380	0.69	0.555556
12390	0.72	0.55
12400	0.62	0.55
12410	0.62	0.555556
12420	0.59	0.555556
12430	0.59	0.555556
12440	0.66	0.555556
12450	0.71	0.555556
12460	0.65	0.555556
12470	0.64	0.561111
12480	0.74	0.561111
12490	0.72	0.561111
12500	0.73	0.561111
12510	0.72	0.561111
12520	0.61	0.555556
12530	0.64	0.561111
12540	0.7	0.561111
12550	0.6	0.561111
12560	0.68	0.561111
12570	0.71	0.561111
12580	0.61	0.561111
12590	0.65	0.561111
12600	0.68	0.561111
12610	0.64	0.561111
12620	0.68	0.561111
12630	0.7	0.561111
12640	0.7	0.561111
12650	0.64	0.561111
12660	0.7	0.555556
12670	0.65	0.555556
12680	0.65	0.555556
12690	0.68	0.555556
12700	0.73	0.555556
12710	0.64	0.555556
12720	0.71	0.555556
12730	0.62	0.561111
12740	0.65	0.555556
12750	0.63	0.555556
12760	0.7	0.555556
12770	0.71	0.555556
12780	0.64	0.561111
12790	0.65	0.561111
12800	0.61	0.561111
12810	0.69	0.572222
12820	0.72	0.572222
12830	0.72	0.572222
12840	0.66	0.566667
12850	0.7	0.566667
12860	0.66	0.566667
12870	0.64	0.561111
12880	0.63	0.561111
12890	0.65	0.566667
12900	0.7	0.572222
12910	0.65	0.566667
12920	0.69	0.566667
12930	0.67	0.572222
12940	0.59	0.572222
12950	0.62	0.572222
12960	0.63	0.572222
12970	0.59	0.572222
12980	0.69	0.566667
12990	0.61	0.566667
13000	0.73	0.561111
13010	0.72	0.561111
13020	0.73	0.561111
13030	0.65	0.561111
13040	0.72	0.561111
13050	0.57	0.561111
13060	0.71	0.561111
13070	0.73	0.561111
13080	0.68	0.561111
13090	0.75	0.561111
13100	0.61	0.561111
13110	0.74	0.561111
13120	0.73	0.561111
13130	0.7	0.561111
13140	0.65	0.561111
13150	0.61	0.561111
13160	0.71	0.561111
13170	0.72	0.561111
13180	0.69	0.566667
13190	0.64	0.566667
13200	0.68	0.566667
13210	0.61	0.566667
13220	0.67	0.561111
13230	0.65	0.561111
13240	0.7	0.561111
13250	0.7	0.561111
13260	0.67	0.566667
13270	0.71	0.572222
13280	0.74	0.572222
13290	0.61	0.572222
13300	0.65	0.572222
13310	0.7	0.572222
13320	0.66	0.572222
13330	0.69	0.572222
13340	0.58	0.572222
13350	0.73	0.572222
13360	0.63	0.572222
13370	0.65	0.577778
13380	0.64	0.577778
13390	0.75	0.577778
13400	0.71	0.577778
13410	0.72	0.577778
13420	0.62	0.577778
13430	0.67	0.577778
13440	0.69	0.577778
13450	0.69	0.577778
13460	0.61	0.577778
13470	0.73	0.566667
13480	0.72	0.566667
13490	0.73	0.566667
13500	0.68	0.566667
13510	0.75	0.572222
13520	0.62	0.577778
13530	0.67	0.577778
13540	0.68	0.572222
13550	0.67	0.572222
13560	0.69	0.566667
13570	0.67	0.572222
13580	0.66	0.572222
13590	0.59	0.566667
13600	0.67	0.566667
13610	0.57	0.561111
13620	0.63	0.561111
13630	0.64	0.566667
13640	0.73	0.566667
13650	0.68	0.566667
13660	0.61	0.572222
13670	0.66	0.572222
13680	0.71	0.577778
13690	0.6	0.577778
13700	0.67	0.577778
13710	0.66	0.572222
13720	0.68	0.572222
13730	0.68	0.577778
13740	0.71	0.577778
13750	0.71	0.572222
13760	0.7	0.572222
13770	0.67	0.572222
13780	0.64	0.572222
13790	0.65	0.572222
13800	0.68	0.572222
13810	0.67	0.572222
13820	0.7	0.572222
13830	0.69	0.572222
13840	0.69	0.572222
13850	0.73	0.572222
13860	0.62	0.572222
13870	0.7	0.572222
13880	0.65	0.572222
13890	0.62	0.572222
13900	0.72	0.572222
13910	0.73	0.572222
13920	0.67	0.572222
13930	0.62	0.572222
13940	0.63	0.572222
13950	0.68	0.572222
13960	0.77	0.572222
13970	0.71	0.572222
13980	0.69	0.572222
13990	0.67	0.572222
14000	0.64	0.572222
14010	0.58	0.572222
14020	0.7	0.572222
14030	0.62	0.572222
14040	0.75	0.572222
14050	0.71	0.566667
14060	0.59	0.566667
14070	0.69	0.572222
14080	0.76	0.572222
14090	0.64	0.572222
14100	0.71	0.572222
14110	0.69	0.572222
14120	0.66	0.566667
14130	0.73	0.572222
14140	0.65	0.572222
14150	0.66	0.572222
14160	0.66	0.566667
14170	0.63	0.572222
14180	0.54	0.572222
14190	0.65	0.577778
14200	0.73	0.572222
14210	0.63	0.577778
14220	0.65	0.572222
14230	0.63	0.572222
14240	0.71	0.572222
14250	0.67	0.572222
14260	0.71	0.572222
14270	0.73	0.572222
14280	0.63	0.572222
14290	0.62	0.566667
14300	0.61	0.566667
14310	0.63	0.572222
14320	0.68	0.566667
14330	0.65	0.561111
14340	0.7	0.561111
14350	0.7	0.566667
14360	0.59	0.566667
14370	0.66	0.566667
14380	0.66	0.566667
14390	0.63	0.561111
14400	0.54	0.561111
14410	0.65	0.561111
14420	0.73	0.561111
14430	0.66	0.561111
14440	0.74	0.561111
14450	0.63	0.561111
14460	0.61	0.566667
14470	0.67	0.566667
14480	0.64	0.566667
14490	0.66	0.561111
14500	0.68	0.566667
14510	0.68	0.566667
14520	0.61	0.566667
14530	0.7	0.566667
14540	0.74	0.572222
14550	0.67	0.572222
14560	0.64	0.572222
14570	0.68	0.572222
14580	0.72	0.572222
14590	0.67	0.566667
14600	0.62	0.566667
14610	0.66	0.566667
14620	0.67	0.566667
14630	0.65	0.566667
14640	0.65	0.566667
14650	0.69	0.566667
14660	0.57	0.561111
14670	0.69	0.561111
14680	0.72	0.561111
14690	0.62	0.561111
14700	0.73	0.566667
14710	0.72	0.566667
14720	0.67	0.566667
14730	0.65	0.566667
14740	0.66	0.566667
14750	0.7	0.566667
14760	0.7	0.566667
14770	0.76	0.566667
14780	0.73	0.561111
14790	0.64	0.566667
14800	0.66	0.566667
14810	0.73	0.566667
14820	0.63	0.566667
14830	0.68	0.566667
14840	0.69	0.572222
14850	0.62	0.572222
14860	0.58	0.572222
14870	0.69	0.572222
14880	0.61	0.572222
14890	0.66	0.572222
14900	0.65	0.572222
14910	0.67	0.572222
14920	0.74	0.572222
14930	0.62	0.572222
14940	0.69	0.577778
14950	0.64	0.577778
14960	0.7	0.572222
14970	0.67	0.572222
14980	0.71	0.572222
14990	0.56	0.572222
15000	0.63	0.572222
15010	0.6	0.572222
15020	0.57	0.572222
15030	0.56	0.572222
15040	0.66	0.572222
15050	0.65	0.572222
15060	0.61	0.572222
15070	0.65	0.572222
15080	0.68	0.572222
15090	0.56	0.572222
15100	0.68	0.572222
15110	0.72	0.572222
15120	0.67	0.572222
15130	0.62	0.572222
15140	0.71	0.572222
15150	0.69	0.572222
15160	0.57	0.572222
15170	0.67	0.572222
15180	0.65	0.566667
15190	0.72	0.566667
15200	0.68	0.566667
15210	0.65	0.566667
15220	0.6	0.566667
15230	0.67	0.566667
15240	0.62	0.566667
15250	0.67	0.566667
15260	0.68	0.566667
15270	0.69	0.572222
15280	0.66	0.572222
15290	0.66	0.572222
15300	0.63	0.572222
15310	0.63	0.572222
15320	0.72	0.572222
15330	0.67	0.572222
15340	0.65	0.572222
15350	0.67	0.572222
15360	0.72	0.572222
15370	0.6	0.572222
15380	0.66	0.577778
15390	0.66	0.577778
15400	0.66	0.572222
15410	0.75	0.566667
15420	0.66	0.566667
15430	0.74	0.572222
15440	0.67	0.572222
15450	0.59	0.577778
15460	0.65	0.577778
15470	0.69	0.577778
15480	0.66	0.577778
15490	0.7	0.577778
15500	0.55	0.572222
15510	0.74	0.572222
15520	0.64	0.572222
15530	0.65	0.572222
15540	0.64	0.572222
15550	0.77	0.577778
15560	0.72	0.577778
15570	0.74	0.577778
15580	0.62	0.572222
15590	0.71	0.577778
15600	0.71	0.577778
15610	0.67	0.577778
15620	0.7	0.577778
15630	0.73	0.577778
15640	0.69	0.577778
15650	0.72	0.577778
15660	0.72	0.577778
15670	0.64	0.577778
15680	0.66	0.577778
15690	0.69	0.577778
15700	0.61	0.577778
15710	0.66	0.577778
15720	0.62	0.577778
15730	0.74	0.577778
15740	0.7	0.577778
15750	0.72	0.577778
15760	0.63	0.577778
15770	0.7	0.577778
15780	0.62	0.577778
15790	0.75	0.577778
15800	0.75	0.572222
15810	0.67	0.572222
15820	0.67	0.577778
15830	0.63	0.577778
15840	0.69	0.577778
15850	0.65	0.577778
15860	0.67	0.577778
15870	0.66	0.577778
15880	0.68	0.572222
15890	0.7	0.572222
15900	0.64	0.572222
15910	0.69	0.572222
15920	0.75	0.572222
15930	0.65	0.572222
15940	0.63	0.572222
15950	0.7	0.572222
15960	0.65	0.572222
15970	0.6	0.572222
15980	0.65	0.572222
15990	0.66	0.577778
16000	0.71	0.577778
16010	0.64	0.577778
16020	0.57	0.577778
16030	0.66	0.577778
16040	0.71	0.577778
16050	0.6	0.577778
16060	0.69	0.572222
16070	0.76	0.577778
16080	0.68	0.583333
16090	0.71	0.583333
16100	0.68	0.583333
16110	0.67	0.583333
16120	0.6	0.577778
16130	0.72	0.577778
16140	0.64	0.583333
16150	0.72	0.583333
16160	0.74	0.583333
16170	0.65	0.588889
16180	0.68	0.588889
16190	0.66	0.588889
16200	0.6	0.583333
16210	0.66	0.577778
16220	0.64	0.577778
16230	0.65	0.577778
16240	0.65	0.583333
16250	0.65	0.583333
16260	0.66	0.583333
16270	0.64	0.583333
16280	0.7	0.583333
16290	0.61	0.583333
16300	0.64	0.583333
16310	0.69	0.583333
16320	0.7	0.583333
16330	0.72	0.583333
16340	0.61	0.583333
16350	0.72	0.588889
16360	0.69	0.588889
16370	0.64	0.588889
16380	0.69	0.583333
16390	0.68	0.583333
16400	0.74	0.583333
16410	0.69	0.583333
16420	0.76	0.583333
16430	0.7	0.577778
16440	0.69	0.583333
16450	0.66	0.577778
16460	0.76	0.577778
16470	0.66	0.577778
16480	0.71	0.577778
16490	0.67	0.577778
16500	0.71	0.577778
16510	0.71	0.577778
16520	0.66	0.577778
16530	0.7	0.572222
16540	0.64	0.572222
16550	0.62	0.572222
16560	0.6	0.572222
16570	0.68	0.572222
16580	0.73	0.572222
16590	0.72	0.572222
16600	0.73	0.572222
16610	0.73	0.577778
16620	0.62	0.577778
16630	0.61	0.577778
16640	0.65	0.577778
16650	0.71	0.577778
16660	0.66	0.577778
16670	0.52	0.577778
16680	0.75	0.583333
16690	0.7	0.572222
16700	0.66	0.583333
16710	0.65	0.583333
16720	0.64	0.572222
16730	0.77	0.572222
16740	0.63	0.572222
16750	0.62	0.572222
16760	0.71	0.572222
16770	0.67	0.572222
16780	0.68	0.572222
16790	0.72	0.577778
16800	0.76	0.588889
16810	0.66	0.594444
16820	0.61	0.577778
16830	0.75	0.577778
16840	0.68	0.577778
16850	0.65	0.588889
16860	0.66	0.594444
16870	0.68	0.594444
16880	0.75	0.594444
16890	0.74	0.594444
16900	0.69	0.6
16910	0.63	0.6
16920	0.66	0.6
16930	0.72	0.6
16940	0.69	0.6
16950	0.74	0.6
16960	0.6	0.6
16970	0.75	0.6
16980	0.73	0.6
16990	0.72	0.6
17000	0.77	0.6
17010	0.66	0.6
17020	0.68	0.6
17030	0.65	0.6
17040	0.75	0.6
17050	0.68	0.6
17060	0.8	0.6
17070	0.74	0.6
17080	0.62	0.6
17090	0.59	0.594444
17100	0.64	0.6
17110	0.77	0.6
17120	0.67	0.594444
17130	0.7	0.594444
17140	0.71	0.594444
17150	0.72	0.594444
17160	0.66	0.594444
17170	0.71	0.594444
17180	0.71	0.6
17190	0.79	0.6
17200	0.76	0.594444
17210	0.74	0.594444
17220	0.66	0.594444
17230	0.73	0.594444
17240	0.75	0.594444
17250	0.71	0.594444
17260	0.61	0.594444
17270	0.65	0.594444
17280	0.73	0.594444
17290	0.71	0.594444
17300	0.73	0.594444
17310	0.69	0.594444
17320	0.78	0.594444
17330	0.66	0.594444
17340	0.79	0.594444
17350	0.75	0.594444
17360	0.68	0.594444
17370	0.72	0.594444
17380	0.61	0.594444
17390	0.71	0.588889
17400	0.73	0.588889
17410	0.6	0.588889
17420	0.7	0.588889
17430	0.7	0.588889
17440	0.7	0.594444
17450	0.72	0.588889
17460	0.67	0.583333
17470	0.66	0.577778
17480	0.69	0.577778
17490	0.66	0.577778
17500	0.67	0.577778
17510	0.73	0.577778
17520	0.71	0.577778
17530	0.65	0.572222
17540	0.72	0.572222
17550	0.68	0.577778
17560	0.62	0.577778
17570	0.61	0.572222
17580	0.67	0.577778
17590	0.63	0.577778
17600	0.64	0.572222
17610	0.65	0.572222
17620	0.67	0.572222
17630	0.6	0.577778
17640	0.66	0.577778
17650	0.7	0.577778
17660	0.66	0.577778
17670	0.68	0.577778
17680	0.7	0.577778
17690	0.67	0.577778
17700	0.63	0.577778
17710	0.56	0.577778
17720	0.65	0.577778
17730	0.68	0.577778
17740	0.59	0.577778
17750	0.62	0.577778
17760	0.71	0.583333
17770	0.64	0.577778
17780	0.72	0.577778
17790	0.64	0.577778
17800	0.68	0.577778
17810	0.71	0.577778
17820	0.7	0.577778
17830	0.63	0.577778
17840	0.68	0.583333
17850	0.7	0.583333
17860	0.58	0.577778
17870	0.7	0.583333
17880	0.64	0.583333
17890	0.64	0.577778
17900	0.75	0.577778
17910	0.62	0.583333
17920	0.7	0.577778
17930	0.69	0.577778
17940	0.64	0.583333
17950	0.68	0.583333
17960	0.69	0.594444
17970	0.66	0.588889
17980	0.81	0.594444
17990	0.72	0.594444
18000	0.64	0.594444
18010	0.66	0.594444
18020	0.64	0.594444
18030	0.64	0.594444
18040	0.69	0.594444
18050	0.67	0.594444
18060	0.76	0.594444
18070	0.69	0.588889
18080	0.62	0.594444
18090	0.69	0.594444
18100	0.71	0.594444
18110	0.65	0.594444
18120	0.76	0.594444
18130	0.62	0.594444
18140	0.7	0.594444
18150	0.65	0.594444
18160	0.73	0.594444
18170	0.75	0.594444
18180	0.68	0.588889
18190	0.69	0.588889
18200	0.69	0.588889
18210	0.74	0.588889
18220	0.69	0.588889
18230	0.68	0.588889
18240	0.74	0.6
18250	0.67	0.6
18260	0.71	0.6
18270	0.65	0.594444
18280	0.74	0.594444
18290	0.81	0.594444
18300	0.65	0.594444
18310	0.68	0.588889
18320	0.66	0.588889
18330	0.72	0.588889
18340	0.71	0.588889
18350	0.67	0.594444
18360	0.71	0.594444
18370	0.67	0.594444
18380	0.76	0.594444
18390	0.73	0.594444
18400	0.71	0.588889
18410	0.68	0.594444
18420	0.71	0.594444
18430	0.71	0.594444
18440	0.7	0.588889
18450	0.66	0.588889
18460	0.62	0.594444
18470	0.67	0.594444
18480	0.65	0.588889
18490	0.68	0.594444
18500	0.63	0.594444
18510	0.74	0.594444
18520	0.59	0.583333
18530	0.77	0.583333
18540	0.76	0.577778
18550	0.68	0.577778
18560	0.71	0.577778
18570	0.73	0.577778
18580	0.67	0.577778
18590	0.64	0.577778
18600	0.68	0.577778
18610	0.7	0.577778
18620	0.74	0.577778
18630	0.79	0.577778
18640	0.67	0.577778
18650	0.79	0.577778
18660	0.62	0.577778
18670	0.64	0.577778
18680	0.68	0.577778
18690	0.69	0.588889
18700	0.65	0.583333
18710	0.76	0.583333
18720	0.62	0.588889
18730	0.67	0.588889
18740	0.73	0.588889
18750	0.64	0.6
18760	0.62	0.6
18770	0.72	0.6
18780	0.69	0.594444
18790	0.77	0.588889
18800	0.7	0.588889
18810	0.73	0.588889
18820	0.7	0.588889
18830	0.62	0.594444
18840	0.72	0.588889
18850	0.65	0.588889
18860	0.71	0.588889
18870	0.68	0.588889
18880	0.75	0.594444
18890	0.75	0.588889
18900	0.68	0.588889
18910	0.69	0.583333
18920	0.73	0.577778
18930	0.73	0.577778
18940	0.68	0.577778
18950	0.72	0.583333
18960	0.73	0.577778
18970	0.66	0.577778
18980	0.66	0.583333
18990	0.64	0.583333
19000	0.75	0.583333
19010	0.66	0.583333
19020	0.69	0.577778
19030	0.73	0.577778
19040	0.71	0.583333
19050	0.64	0.583333
19060	0.67	0.583333
19070	0.71	0.583333
19080	0.77	0.583333
19090	0.75	0.577778
19100	0.74	0.583333
19110	0.56	0.583333
19120	0.63	0.583333
19130	0.61	0.583333
19140	0.73	0.583333
19150	0.75	0.583333
19160	0.72	0.588889
19170	0.65	0.588889
19180	0.65	0.588889
19190	0.66	0.588889
19200	0.65	0.588889
19210	0.64	0.588889
19220	0.75	0.583333
19230	0.67	0.583333
19240	0.74	0.588889
19250	0.7	0.588889
19260	0.74	0.588889
19270	0.64	0.588889
19280	0.66	0.588889
19290	0.66	0.588889
19300	0.66	0.588889
19310	0.71	0.588889
19320	0.68	0.588889
19330	0.66	0.588889
19340	0.65	0.594444
19350	0.72	0.583333
19360	0.73	0.588889
19370	0.61	0.588889
19380	0.72	0.588889
19390	0.75	0.588889
19400	0.65	0.588889
19410	0.66	0.588889
19420	0.7	0.588889
19430	0.66	0.594444
19440	0.65	0.594444
19450	0.65	0.594444
19460	0.65	0.6
19470	0.71	0.6
19480	0.75	0.605556
19490	0.71	0.6
19500	0.72	0.611111
19510	0.75	0.611111
19520	0.64	0.605556
19530	0.69	0.6
19540	0.66	0.6
19550	0.73	0.6
19560	0.68	0.6
19570	0.66	0.605556
19580	0.7	0.6
19590	0.67	0.611111
19600	0.74	0.611111
19610	0.72	0.611111
19620	0.7	0.611111
19630	0.72	0.611111
19640	0.67	0.611111
19650	0.7	0.611111
19660	0.69	0.611111
19670	0.69	0.616667
19680	0.79	0.616667
19690	0.68	0.611111
19700	0.71	0.611111
19710	0.63	0.611111
19720	0.71	0.611111
19730	0.7	0.611111
19740	0.69	0.605556
19750	0.76	0.605556
19760	0.68	0.611111
19770	0.75	0.611111
19780	0.66	0.611111
19790	0.76	0.611111
19800	0.6	0.611111
19810	0.7	0.611111
19820	0.67	0.627778
19830	0.76	0.616667
19840	0.7	0.611111
19850	0.74	0.611111
19860	0.67	0.611111
19870	0.76	0.611111
19880	0.73	0.611111
19890	0.78	0.611111
19900	0.73	0.611111
19910	0.72	0.611111
19920	0.76	0.616667
19930	0.73	0.616667
19940	0.72	0.611111
19950	0.66	0.611111
19960	0.78	0.611111
19970	0.72	0.611111
19980	0.69	0.611111
19990	0.73	0.611111
20000	0.74	0.611111
20010	0.77	0.616667
20020	0.64	0.627778
20030	0.73	0.627778
20040	0.73	0.627778
20050	0.77	0.627778
20060	0.69	0.627778
20070	0.73	0.627778
20080	0.75	0.627778
20090	0.68	0.616667
20100	0.71	0.616667
20110	0.76	0.611111
20120	0.74	0.611111
20130	0.72	0.611111
20140	0.67	0.611111
20150	0.74	0.611111
20160	0.65	0.611111
20170	0.8	0.611111
20180	0.66	0.611111
20190	0.75	0.611111
20200	0.72	0.611111
20210	0.68	0.611111
20220	0.74	0.611111
20230	0.77	0.611111
20240	0.69	0.616667
20250	0.71	0.616667
20260	0.78	0.616667
20270	0.69	0.611111
20280	0.62	0.611111
20290	0.69	0.611111
20300	0.72	0.611111
20310	0.62	0.611111
20320	0.72	0.611111
20330	0.74	0.611111
20340	0.71	0.611111
20350	0.67	0.605556
20360	0.78	0.611111
20370	0.71	0.611111
20380	0.67	0.605556
20390	0.7	0.611111
20400	0.69	0.611111
20410	0.78	0.611111
20420	0.74	0.611111
20430	0.75	0.605556
20440	0.71	0.605556
20450	0.8	0.605556
20460	0.69	0.605556
20470	0.64	0.6
20480	0.66	0.611111
20490	0.73	0.611111
20500	0.78	0.6
20510	0.6	0.6
20520	0.63	0.6
20530	0.75	0.6
20540	0.69	0.6
20550	0.69	0.6
20560	0.68	0.605556
20570	0.7	0.605556
20580	0.66	0.605556
20590	0.7	0.605556
20600	0.78	0.605556
20610	0.73	0.605556
20620	0.75	0.605556
20630	0.79	0.605556
20640	0.7	0.605556
20650	0.68	0.605556
20660	0.76	0.605556
20670	0.7	0.605556
20680	0.75	0.605556
20690	0.78	0.605556
20700	0.79	0.605556
20710	0.68	0.6
20720	0.69	0.6
20730	0.68	0.6
20740	0.66	0.605556
20750	0.66	0.605556
20760	0.7	0.605556
20770	0.7	0.605556
20780	0.64	0.605556
20790	0.7	0.605556
20800	0.67	0.605556
20810	0.75	0.605556
20820	0.73	0.605556
20830	0.76	0.605556
20840	0.74	0.605556
20850	0.71	0.605556
20860	0.74	0.605556
20870	0.68	0.605556
20880	0.76	0.605556
20890	0.74	0.605556
20900	0.8	0.605556
20910	0.72	0.605556
20920	0.62	0.605556
20930	0.71	0.605556
20940	0.78	0.605556
20950	0.76	0.605556
20960	0.64	0.605556
20970	0.73	0.6
20980	0.71	0.6
20990	0.62	0.6
21000	0.73	0.6
21010	0.7	0.6
21020	0.67	0.6
21030	0.7	0.6
21040	0.75	0.6
21050	0.71	0.594444
21060	0.76	0.6
21070	0.7	0.605556
21080	0.68	0.605556
21090	0.71	0.605556
21100	0.75	0.605556
21110	0.62	0.605556
21120	0.73	0.605556
21130	0.71	0.605556
21140	0.72	0.6
21150	0.69	0.6
21160	0.64	0.6
21170	0.78	0.6
21180	0.65	0.6
21190	0.74	0.6
21200	0.76	0.605556
21210	0.75	0.605556
21220	0.67	0.605556
21230	0.71	0.605556
21240	0.73	0.605556
21250	0.73	0.605556
21260	0.7	0.6
21270	0.67	0.594444
21280	0.69	0.594444
21290	0.74	0.594444
21300	0.7	0.6
21310	0.71	0.594444
21320	0.76	0.605556
21330	0.68	0.594444
21340	0.74	0.594444
21350	0.68	0.594444
21360	0.81	0.605556
21370	0.71	0.605556
21380	0.69	0.594444
21390	0.77	0.594444
21400	0.71	0.594444
21410	0.73	0.6
21420	0.63	0.6
21430	0.62	0.611111
21440	0.68	0.605556
21450	0.7	0.605556
21460	0.71	0.605556
21470	0.64	0.605556
21480	0.72	0.605556
21490	0.78	0.605556
21500	0.75	0.6
21510	0.72	0.6
21520	0.72	0.6
21530	0.73	0.6
21540	0.71	0.6
21550	0.79	0.6
21560	0.7	0.6
21570	0.71	0.6
21580	0.75	0.6
21590	0.77	0.6
21600	0.65	0.6
21610	0.76	0.611111
21620	0.75	0.611111
21630	0.72	0.6
21640	0.67	0.6
21650	0.72	0.6
21660	0.75	0.6
21670	0.75	0.6
21680	0.75	0.6
21690	0.74	0.6
21700	0.76	0.6
21710	0.71	0.6
21720	0.75	0.6
21730	0.71	0.6
21740	0.69	0.6
21750	0.74	0.6
21760	0.64	0.6
21770	0.74	0.6
21780	0.7	0.6
21790	0.7	0.6
21800	0.62	0.6
21810	0.7	0.6
21820	0.68	0.6
21830	0.74	0.6
21840	0.71	0.6
21850	0.67	0.6
21860	0.78	0.6
21870	0.76	0.6
21880	0.83	0.605556
21890	0.77	0.605556
21900	0.65	0.605556
21910	0.79	0.605556
21920	0.66	0.605556
21930	0.71	0.605556
21940	0.78	0.605556
21950	0.73	0.605556
21960	0.69	0.605556
21970	0.76	0.6
21980	0.78	0.6
21990	0.78	0.605556
22000	0.7	0.605556
22010	0.75	0.605556
22020	0.73	0.605556
22030	0.72	0.605556
22040	0.73	0.6
22050	0.69	0.6
22060	0.71	0.6
22070	0.72	0.605556
22080	0.76	0.605556
22090	0.71	0.605556
22100	0.73	0.6
22110	0.76	0.605556
22120	0.65	0.611111
22130	0.68	0.611111
22140	0.72	0.611111
22150	0.73	0.611111
22160	0.73	0.611111
22170	0.71	0.616667
22180	0.76	0.616667
22190	0.82	0.616667
22200	0.72	0.611111
22210	0.81	0.605556
22220	0.67	0.605556
22230	0.79	0.605556
22240	0.78	0.611111
22250	0.65	0.611111
22260	0.73	0.605556
22270	0.75	0.6
22280	0.7	0.605556
22290	0.76	0.605556
22300	0.73	0.605556
22310	0.76	0.605556
22320	0.77	0.611111
22330	0.56	0.611111
22340	0.71	0.611111
22350	0.7	0.611111
22360	0.71	0.611111
22370	0.74	0.611111
22380	0.68	0.611111
22390	0.63	0.611111
22400	0.62	0.611111
22410	0.68	0.611111
22420	0.74	0.611111
22430	0.71	0.611111
22440	0.73	0.611111
22450	0.74	0.611111
22460	0.73	0.611111
22470	0.71	0.611111
22480	0.71	0.6
22490	0.73	0.605556
22500	0.69	0.616667
22510	0.75	0.616667
22520	0.69	0.616667
22530	0.75	0.622222
22540	0.74	0.622222
22550	0.71	0.622222
22560	0.79	0.622222
22570	0.72	0.627778
22580	0.77	0.633333
22590	0.75	0.633333
22600	0.77	0.638889
22610	0.78	0.638889
22620	0.88	0.633333
22630	0.73	0.638889
22640	0.67	0.661111
22650	0.75	0.666667
22660	0.71	0.666667
22670	0.76	0.666667
22680	0.76	0.666667
22690	0.69	0.666667
22700	0.76	0.666667
22710	0.82	0.666667
22720	0.74	0.655556
22730	0.73	0.633333
22740	0.69	0.633333
22750	0.73	0.633333
22760	0.7	0.638889
22770	0.74	0.644444
22780	0.7	0.655556
22790	0.73	0.655556
22800	0.72	0.644444
22810	0.72	0.655556
22820	0.67	0.666667
22830	0.78	0.666667
22840	0.82	0.666667
22850	0.69	0.666667
22860	0.77	0.666667
22870	0.74	0.666667
22880	0.7	0.666667
22890	0.75	0.666667
22900	0.66	0.666667
22910	0.74	0.672222
22920	0.72	0.672222
22930	0.75	0.672222
22940	0.74	0.672222
22950	0.76	0.672222
22960	0.75	0.672222
22970	0.75	0.672222
22980	0.76	0.677778
22990	0.65	0.672222
23000	0.67	0.672222
23010	0.81	0.672222
23020	0.71	0.672222
23030	0.63	0.677778
23040	0.79	0.683333
23050	0.72	0.683333
23060	0.68	0.677778
23070	0.78	0.677778
23080	0.78	0.672222
23090	0.68	0.672222
23100	0.72	0.666667
23110	0.64	0.655556
23120	0.82	0.655556
23130	0.8	0.655556
23140	0.72	0.661111
23150	0.8	0.677778
23160	0.78	0.677778
23170	0.8	0.672222
23180	0.74	0.672222
23190	0.78	0.672222
23200	0.74	0.677778
23210	0.77	0.677778
23220	0.73	0.677778
23230	0.71	0.672222
23240	0.71	0.672222
23250	0.74	0.672222
23260	0.78	0.672222
23270	0.7	0.672222
23280	0.74	0.65
23290	0.71	0.638889
23300	0.75	0.633333
23310	0.69	0.627778
23320	0.82	0.627778
23330	0.73	0.627778
23340	0.85	0.627778
23350	0.7	0.627778
23360	0.76	0.633333
23370	0.74	0.633333
23380	0.7	0.638889
23390	0.71	0.655556
23400	0.76	0.661111
23410	0.79	0.661111
23420	0.74	0.644444
23430	0.75	0.638889
23440	0.72	0.661111
23450	0.74	0.661111
23460	0.7	0.661111
23470	0.74	0.65
23480	0.71	0.638889
23490	0.75	0.633333
23500	0.7	0.633333
23510	0.69	0.627778
23520	0.77	0.627778
23530	0.74	0.627778
23540	0.71	0.627778
23550	0.72	0.627778
23560	0.72	0.633333
23570	0.74	0.633333
23580	0.73	0.633333
23590	0.69	0.633333
23600	0.78	0.633333
23610	0.67	0.633333
23620	0.78	0.638889
23630	0.72	0.638889
23640	0.76	0.644444
23650	0.77	0.644444
23660	0.75	0.661111
23670	0.71	0.65
23680	0.73	0.644444
23690	0.8	0.644444
23700	0.7	0.644444
23710	0.67	0.633333
23720	0.79	0.633333
23730	0.79	0.633333
23740	0.8	0.638889
23750	0.75	0.633333
23760	0.75	0.633333
23770	0.78	0.627778
23780	0.7	0.627778
23790	0.77	0.627778
23800	0.82	0.622222
23810	0.72	0.616667
23820	0.79	0.616667
23830	0.73	0.616667
23840	0.71	0.627778
23850	0.73	0.622222
23860	0.75	0.616667
23870	0.77	0.611111
23880	0.68	0.605556
23890	0.71	0.605556
23900	0.75	0.605556
23910	0.7	0.605556
23920	0.75	0.605556
23930	0.72	0.605556
23940	0.68	0.605556
23950	0.69	0.605556
23960	0.73	0.611111
23970	0.75	0.611111
23980	0.77	0.611111
23990	0.7	0.611111
24000	0.74	0.605556
24010	0.67	0.605556
24020	0.77	0.611111
24030	0.7	0.616667
24040	0.69	0.627778
24050	0.73	0.622222
24060	0.74	0.622222
24070	0.75	0.611111
24080	0.69	0.611111
24090	0.73	0.605556
24100	0.75	0.605556
24110	0.72	0.605556
24120	0.74	0.605556
24130	0.75	0.611111
24140	0.74	0.605556
24150	0.77	0.605556
24160	0.68	0.605556
24170	0.65	0.605556
24180	0.71	0.605556
24190	0.73	0.605556
24200	0.67	0.605556
24210	0.78	0.611111
24220	0.69	0.616667
24230	0.78	0.616667
24240	0.72	0.616667
24250	0.77	0.622222
24260	0.69	0.616667
24270	0.72	0.616667
24280	0.72	0.622222
24290	0.71	0.616667
24300	0.76	0.616667
24310	0.7	0.616667
24320	0.73	0.616667
24330	0.78	0.622222
24340	0.7	0.605556
24350	0.75	0.605556
24360	0.71	0.605556
24370	0.75	0.605556
24380	0.76	0.605556
24390	0.73	0.605556
24400	0.71	0.605556
24410	0.74	0.611111
24420	0.75	0.611111
24430	0.72	0.611111
24440	0.69	0.611111
24450	0.69	0.611111
24460	0.78	0.605556
24470	0.73	0.605556
24480	0.71	0.605556
24490	0.79	0.605556
24500	0.71	0.605556
24510	0.79	0.605556
24520	0.78	0.605556
24530	0.72	0.605556
24540	0.65	0.605556
24550	0.72	0.605556
24560	0.67	0.605556
24570	0.72	0.605556
24580	0.69	0.6
24590	0.73	0.6
24600	0.66	0.6
24610	0.72	0.605556
24620	0.7	0.605556
24630	0.76	0.6
24640	0.77	0.6
24650	0.78	0.6
24660	0.69	0.6
24670	0.71	0.6
24680	0.7	0.6
24690	0.69	0.6
24700	0.66	0.6
24710	0.77	0.6
24720	0.72	0.6
24730	0.73	0.605556
24740	0.75	0.605556
24750	0.74	0.605556
24760	0.8	0.605556
24770	0.69	0.611111
24780	0.69	0.611111
24790	0.76	0.616667
24800	0.76	0.616667
24810	0.76	0.616667
24820	0.73	0.616667
24830	0.71	0.616667
24840	0.76	0.616667
24850	0.75	0.616667
24860	0.75	0.616667
24870	0.79	0.627778
24880	0.71	0.627778
24890	0.71	0.627778
24900	0.83	0.622222
24910	0.68	0.627778
24920	0.69	0.633333
24930	0.77	0.627778
24940	0.7	0.611111
24950	0.82	0.605556
24960	0.76	0.605556
24970	0.72	0.611111
24980	0.69	0.605556
24990	0.75	0.605556
25000	0.69	0.605556
25010	0.72	0.611111
25020	0.75	0.611111
25030	0.75	0.605556
25040	0.71	0.605556
25050	0.69	0.605556
25060	0.68	0.6
25070	0.72	0.6
25080	0.75	0.6
25090	0.72	0.6
25100	0.74	0.6
25110	0.76	0.6
25120	0.71	0.6
25130	0.74	0.6
25140	0.69	0.6
25150	0.7	0.605556
25160	0.7	0.605556
25170	0.66	0.605556
25180	0.75	0.6
25190	0.64	0.605556
25200	0.65	0.605556
25210	0.73	0.605556
25220	0.66	0.605556
25230	0.76	0.605556
25240	0.68	0.605556
25250	0.78	0.6
25260	0.74	0.6
25270	0.67	0.605556
25280	0.76	0.605556
25290	0.59	0.6
25300	0.7	0.605556
25310	0.71	0.605556
25320	0.72	0.605556
25330	0.72	0.605556
25340	0.77	0.605556
25350	0.66	0.605556
25360	0.69	0.605556
25370	0.73	0.605556
25380	0.76	0.605556
25390	0.74	0.605556
25400	0.73	0.605556
25410	0.8	0.605556
25420	0.73	0.605556
25430	0.74	0.605556
25440	0.73	0.622222
25450	0.73	0.633333
25460	0.77	0.627778
25470	0.79	0.633333
25480	0.67	0.633333
25490	0.69	0.633333
25500	0.66	0.633333
25510	0.7	0.633333
25520	0.75	0.633333
25530	0.69	0.633333
25540	0.73	0.633333
25550	0.73	0.627778
25560	0.8	0.627778
25570	0.8	0.627778
25580	0.74	0.627778
25590	0.72	0.622222
25600	0.75	0.622222
25610	0.71	0.627778
25620	0.61	0.627778
25630	0.75	0.627778
25640	0.69	0.633333
25650	0.73	0.633333
25660	0.71	0.627778
25670	0.79	0.627778
25680	0.68	0.627778
25690	0.73	0.627778
25700	0.67	0.627778
25710	0.66	0.627778
25720	0.76	0.633333
25730	0.63	0.627778
25740	0.75	0.622222
25750	0.7	0.616667
25760	0.73	0.627778
25770	0.71	0.633333
25780	0.71	0.633333
25790	0.69	0.622222
25800	0.71	0.622222
25810	0.76	0.616667
25820	0.76	0.616667
25830	0.73	0.605556
25840	0.75	0.605556
25850	0.79	0.605556
25860	0.76	0.605556
25870	0.69	0.611111
25880	0.79	0.611111
25890	0.71	0.616667
25900	0.71	0.616667
25910	0.68	0.627778
25920	0.74	0.627778
25930	0.72	0.627778
25940	0.72	0.633333
25950	0.79	0.633333
25960	0.64	0.644444
25970	0.67	0.644444
25980	0.75	0.65
25990	0.77	0.65
26000	0.76	0.644444
26010	0.7	0.644444
26020	0.8	0.644444
26030	0.71	0.644444
26040	0.79	0.644444
26050	0.73	0.638889
26060	0.73	0.638889
26070	0.77	0.638889
26080	0.68	0.638889
26090	0.73	0.638889
26100	0.76	0.638889
26110	0.73	0.638889
26120	0.65	0.638889
26130	0.67	0.638889
26140	0.76	0.638889
26150	0.81	0.633333
26160	0.71	0.644444
26170	0.76	0.638889
26180	0.72	0.644444
26190	0.77	0.644444
26200	0.79	0.644444
26210	0.72	0.644444
26220	0.78	0.644444
26230	0.73	0.644444
26240	0.73	0.644444
26250	0.72	0.638889
26260	0.75	0.638889
26270	0.64	0.638889
26280	0.78	0.622222
26290	0.69	0.638889
26300	0.69	0.627778
26310	0.76	0.622222
26320	0.69	0.622222
26330	0.75	0.622222
26340	0.74	0.616667
26350	0.75	0.611111
26360	0.73	0.616667
26370	0.7	0.622222
26380	0.77	0.616667
26390	0.71	0.611111
26400	0.75	0.611111
26410	0.73	0.611111
26420	0.68	0.611111
26430	0.73	0.611111
26440	0.8	0.611111
26450	0.69	0.616667
26460	0.72	0.616667
26470	0.72	0.622222
26480	0.74	0.633333
26490	0.72	0.638889
26500	0.75	0.644444
26510	0.78	0.644444
26520	0.73	0.638889
26530	0.77	0.638889
26540	0.71	0.638889
26550	0.68	0.638889
26560	0.73	0.638889
26570	0.79	0.644444
26580	0.86	0.644444
26590	0.73	0.644444
26600	0.72	0.644444
26610	0.76	0.638889
26620	0.72	0.638889
26630	0.66	0.633333
26640	0.75	0.633333
26650	0.8	0.638889
26660	0.82	0.644444
26670	0.84	0.644444
26680	0.73	0.644444
26690	0.69	0.638889
26700	0.71	0.644444
26710	0.69	0.638889
26720	0.79	0.638889
26730	0.81	0.638889
26740	0.74	0.638889
26750	0.72	0.638889
26760	0.8	0.622222
26770	0.72	0.611111
26780	0.73	0.611111
26790	0.78	0.616667
26800	0.74	0.616667
26810	0.73	0.616667
26820	0.7	0.616667
26830	0.72	0.616667
26840	0.72	0.616667
26850	0.64	0.616667
26860	0.73	0.616667
26870	0.73	0.611111
26880	0.76	0.622222
26890	0.84	0.627778
26900	0.79	0.627778
26910	0.79	0.633333
26920	0.75	0.633333
26930	0.67	0.633333
26940	0.71	0.65
26950	0.78	0.65
26960	0.72	0.644444
26970	0.76	0.638889
26980	0.72	0.65
26990	0.79	0.655556
27000	0.75	0.655556
27010	0.77	0.638889
27020	0.83	0.65
27030	0.72	0.65
27040	0.75	0.638889
27050	0.8	0.638889
27060	0.74	0.638889
27070	0.69	0.638889
27080	0.82	0.638889
27090	0.75	0.638889
27100	0.75	0.638889
27110	0.72	0.65
27120	0.73	0.65
27130	0.81	0.65
27140	0.8	0.661111
27150	0.77	0.661111
27160	0.72	0.666667
27170	0.76	0.677778
27180	0.73	0.677778
27190	0.77	0.672222
27200	0.74	0.672222
27210	0.76	0.672222
27220	0.68	0.672222
27230	0.74	0.672222
27240	0.75	0.672222
27250	0.7	0.677778
27260	0.73	0.677778
27270	0.69	0.677778
27280	0.75	0.672222
27290	0.76	0.672222
27300	0.79	0.672222
27310	0.73	0.672222
27320	0.74	0.666667
27330	0.79	0.666667
27340	0.72	0.666667
27350	0.71	0.666667
27360	0.8	0.661111
27370	0.74	0.661111
27380	0.78	0.661111
27390	0.74	0.655556
27400	0.74	0.655556
27410	0.78	0.655556
27420	0.81	0.65
27430	0.84	0.655556
27440	0.73	0.655556
27450	0.69	0.655556
27460	0.73	0.666667
27470	0.72	0.666667
27480	0.71	0.655556
27490	0.73	0.661111
27500	0.7	0.661111
27510	0.78	0.661111
27520	0.75	0.655556
27530	0.73	0.65
27540	0.76	0.655556
27550	0.82	0.661111
27560	0.71	0.666667
27570	0.76	0.666667
27580	0.77	0.661111
27590	0.86	0.666667
27600	0.72	0.666667
27610	0.79	0.666667
27620	0.75	0.661111
27630	0.65	0.661111
27640	0.76	0.655556
27650	0.77	0.655556
27660	0.82	0.65
27670	0.78	0.65
27680	0.78	0.655556
27690	0.73	0.655556
27700	0.78	0.644444
27710	0.75	0.644444
27720	0.77	0.655556
27730	0.78	0.655556
27740	0.79	0.655556
27750	0.8	0.655556
27760	0.71	0.65
27770	0.75	0.655556
27780	0.69	0.644444
27790	0.67	0.638889
27800	0.7	0.638889
27810	0.8	0.644444
27820	0.76	0.65
27830	0.74	0.65
27840	0.86	0.644444
27850	0.75	0.65
27860	0.7	0.644444
27870	0.77	0.644444
27880	0.74	0.644444
27890	0.81	0.638889
27900	0.78	0.638889
27910	0.71	0.644444
27920	0.8	0.644444
27930	0.73	0.644444
27940	0.82	0.644444
27950	0.75	0.65
27960	0.77	0.666667
27970	0.75	0.666667
27980	0.79	0.666667
27990	0.76	0.672222
28000	0.78	0.677778
28010	0.77	0.677778
28020	0.73	0.683333
28030	0.83	0.683333
28040	0.69	0.688889
28050	0.73	0.683333
28060	0.78	0.683333
28070	0.7	0.688889
28080	0.79	0.683333
28090	0.71	0.688889
28100	0.73	0.688889
28110	0.75	0.694444
28120	0.77	0.694444
28130	0.84	0.694444
28140	0.76	0.688889
28150	0.76	0.677778
28160	0.71	0.672222
28170	0.69	0.672222
28180	0.75	0.672222
28190	0.73	0.672222
28200	0.72	0.672222
28210	0.72	0.672222
28220	0.76	0.672222
28230	0.76	0.677778
28240	0.82	0.677778
28250	0.72	0.672222
28260	0.74	0.672222
28270	0.75	0.672222
28280	0.82	0.672222
28290	0.83	0.672222
28300	0.72	0.672222
28310	0.74	0.672222
28320	0.81	0.677778
28330	0.79	0.677778
28340	0.71	0.683333
28350	0.71	0.677778
28360	0.74	0.677778
28370	0.82	0.677778
28380	0.73	0.677778
28390	0.77	0.677778
28400	0.8	0.683333
28410	0.8	0.683333
28420	0.75	0.683333
28430	0.79	0.677778
28440	0.73	0.672222
28450	0.73	0.672222
28460	0.79	0.672222
28470	0.79	0.672222
28480	0.73	0.677778
28490	0.75	0.677778
28500	0.78	0.672222
28510	0.75	0.672222
28520	0.85	0.677778
28530	0.78	0.672222
28540	0.77	0.672222
28550	0.77	0.672222
28560	0.72	0.672222
28570	0.82	0.672222
28580	0.82	0.672222
28590	0.71	0.672222
28600	0.77	0.672222
28610	0.75	0.672222
28620	0.79	0.672222
28630	0.71	0.672222
28640	0.66	0.672222
28650	0.78	0.672222
28660	0.8	0.672222
28670	0.77	0.672222
28680	0.75	0.672222
28690	0.73	0.672222
28700	0.76	0.672222
28710	0.76	0.672222
28720	0.69	0.672222
28730	0.81	0.672222
28740	0.75	0.672222
28750	0.77	0.666667
28760	0.84	0.666667
28770	0.66	0.672222
28780	0.78	0.672222
28790	0.79	0.672222
28800	0.8	0.672222
28810	0.76	0.672222
28820	0.74	0.672222
28830	0.8	0.677778
28840	0.79	0.677778
28850	0.83	0.677778
28860	0.75	0.677778
28870	0.83	0.677778
28880	0.7	0.677778
28890	0.77	0.677778
28900	0.74	0.677778
28910	0.73	0.683333
28920	0.75	0.688889
28930	0.77	0.677778
28940	0.7	0.677778
28950	0.78	0.677778
28960	0.79	0.677778
28970	0.72	0.677778
28980	0.72	0.677778
28990	0.76	0.677778
29000	0.78	0.677778
29010	0.76	0.672222
29020	0.81	0.672222
29030	0.69	0.672222
29040	0.71	0.666667
29050	0.74	0.666667
29060	0.69	0.666667
29070	0.72	0.672222
29080	0.69	0.672222
29090	0.77	0.672222
29100	0.78	0.672222
29110	0.75	0.672222
29120	0.67	0.677778
29130	0.72	0.683333
29140	0.76	0.683333
29150	0.85	0.683333
29160	0.79	0.683333
29170	0.73	0.683333
29180	0.73	0.683333
29190	0.76	0.683333
29200	0.73	0.683333
29210	0.82	0.683333
29220	0.77	0.683333
29230	0.73	0.683333
29240	0.75	0.683333
29250	0.79	0.677778
29260	0.73	0.677778
29270	0.77	0.677778
29280	0.79	0.677778
29290	0.75	0.677778
29300	0.73	0.677778
29310	0.8	0.672222
29320	0.75	0.672222
29330	0.76	0.672222
29340	0.78	0.677778
29350	0.8	0.677778
29360	0.76	0.677778
29370	0.83	0.677778
29380	0.8	0.677778
29390	0.73	0.677778
29400	0.8	0.677778
29410	0.7	0.672222
29420	0.74	0.672222
29430	0.73	0.677778
29440	0.77	0.672222
29450	0.73	0.672222
29460	0.78	0.672222
29470	0.74	0.672222
29480	0.75	0.677778
29490	0.79	0.677778
29500	0.79	0.677778
29510	0.82	0.677778
29520	0.84	0.677778
29530	0.66	0.677778
29540	0.8	0.677778
29550	0.74	0.683333
29560	0.84	0.677778
29570	0.73	0.672222
29580	0.75	0.672222
29590	0.77	0.672222
29600	0.81	0.672222
29610	0.68	0.672222
29620	0.77	0.672222
29630	0.8	0.672222
29640	0.75	0.666667
29650	0.75	0.672222
29660	0.8	0.661111
29670	0.75	0.661111
29680	0.83	0.655556
29690	0.76	0.655556
29700	0.7	0.661111
29710	0.74	0.666667
29720	0.76	0.666667
29730	0.81	0.661111
29740	0.76	0.655556
29750	0.82	0.644444
29760	0.7	0.644444
29770	0.79	0.644444
29780	0.82	0.644444
29790	0.77	0.65
29800	0.77	0.644444
29810	0.72	0.655556
29820	0.69	0.644444
29830	0.75	0.65
29840	0.72	0.644444
29850	0.82	0.644444
29860	0.74	0.65
29870	0.79	0.65
29880	0.79	0.65
29890	0.75	0.672222
29900	0.72	0.677778
29910	0.69	0.672222
29920	0.72	0.672222
29930	0.74	0.672222
29940	0.75	0.672222
29950	0.78	0.672222
29960	0.75	0.672222
29970	0.8	0.672222
29980	0.77	0.672222
29990	0.74	0.661111
