0	0.64	0.533333
10	0.5	0.533333
20	0.59	0.533333
30	0.64	0.533333
40	0.61	0.533333
50	0.52	0.533333
60	0.59	0.533333
70	0.58	0.533333
80	0.54	0.533333
90	0.49	0.533333
100	0.5	0.533333
110	0.57	0.538889
120	0.52	0.544444
130	0.52	0.544444
140	0.59	0.544444
150	0.63	0.544444
160	0.62	0.527778
170	0.62	0.527778
180	0.69	0.527778
190	0.56	0.538889
200	0.6	0.538889
210	0.66	0.538889
220	0.56	0.538889
230	0.63	0.538889
240	0.57	0.538889
250	0.59	0.538889
260	0.6	0.538889
270	0.5	0.538889
280	0.55	0.538889
290	0.6	0.538889
300	0.59	0.538889
310	0.61	0.538889
320	0.58	0.538889
330	0.55	0.538889
340	0.57	0.538889
350	0.6	0.538889
360	0.58	0.538889
370	0.59	0.538889
380	0.56	0.538889
390	0.55	0.538889
400	0.57	0.538889
410	0.63	0.538889
420	0.62	0.544444
430	0.54	0.544444
440	0.59	0.538889
450	0.63	0.533333
460	0.63	0.533333
470	0.57	0.527778
480	0.65	0.533333
490	0.62	0.527778
500	0.52	0.527778
510	0.58	0.533333
520	0.55	0.533333
530	0.58	0.533333
540	0.61	0.533333
550	0.64	0.533333
560	0.64	0.538889
570	0.61	0.538889
580	0.53	0.538889
590	0.6	0.533333
600	0.59	0.538889
610	0.67	0.538889
620	0.63	0.538889
630	0.56	0.538889
640	0.54	0.538889
650	0.63	0.538889
660	0.61	0.538889
670	0.59	0.538889
680	0.62	0.538889
690	0.54	0.538889
700	0.61	0.538889
710	0.59	0.538889
720	0.62	0.538889
730	0.62	0.538889
740	0.63	0.538889
750	0.62	0.538889
760	0.61	0.538889
770	0.62	0.538889
780	0.59	0.538889
790	0.58	0.538889
800	0.54	0.538889
810	0.54	0.538889
820	0.56	0.538889
830	0.68	0.538889
840	0.6	0.538889
850	0.58	0.538889
860	0.59	0.538889
870	0.54	0.538889
880	0.56	0.538889
890	0.61	0.538889
900	0.65	0.538889
910	0.67	0.538889
920	0.64	0.544444
930	0.57	0.544444
940	0.63	0.544444
950	0.57	0.544444
960	0.55	0.544444
970	0.62	0.544444
980	0.63	0.538889
990	0.58	0.538889
1000	0.6	0.538889
1010	0.72	0.538889
1020	0.55	0.538889
1030	0.55	0.538889
1040	0.72	0.538889
1050	0.51	0.538889
1060	0.63	0.538889
1070	0.62	0.538889
1080	0.62	0.538889
1090	0.63	0.538889
1100	0.58	0.538889
1110	0.61	0.538889
1120	0.6	0.538889
1130	0.59	0.538889
1140	0.59	0.538889
1150	0.61	0.538889
1160	0.56	0.544444
1170	0.64	0.55
1180	0.63	0.55
1190	0.62	0.55
1200	0.66	0.55
1210	0.66	0.55
1220	0.66	0.55
1230	0.65	0.55
1240	0.52	0.55
1250	0.58	0.544444
1260	0.64	0.55
1270	0.57	0.55
1280	0.54	0.55
1290	0.68	0.544444
1300	0.6	0.538889
1310	0.65	0.538889
1320	0.66	0.538889
1330	0.62	0.527778
1340	0.55	0.527778
1350	0.65	0.538889
1360	0.58	0.527778
1370	0.66	0.527778
1380	0.64	0.533333
1390	0.72	0.533333
1400	0.59	0.533333
1410	0.61	0.533333
1420	0.57	0.527778
1430	0.64	0.533333
1440	0.68	0.533333
1450	0.59	0.533333
1460	0.59	0.527778
1470	0.59	0.527778
1480	0.6	0.527778
1490	0.7	0.527778
1500	0.57	0.527778
1510	0.53	0.527778
1520	0.67	0.527778
1530	0.63	0.527778
1540	0.58	0.527778
1550	0.65	0.527778
1560	0.61	0.527778
1570	0.65	0.527778
1580	0.53	0.527778
1590	0.66	0.527778
1600	0.7	0.527778
1610	0.66	0.527778
1620	0.69	0.527778
1630	0.61	0.527778
1640	0.53	0.516667
1650	0.6	0.522222
1660	0.64	0.522222
1670	0.55	0.522222
1680	0.6	0.522222
1690	0.74	0.522222
1700	0.56	0.522222
1710	0.63	0.527778
1720	0.59	0.522222
1730	0.6	0.522222
1740	0.56	0.522222
1750	0.65	0.533333
1760	0.61	0.527778
1770	0.65	0.527778
1780	0.71	0.527778
1790	0.64	0.533333
1800	0.56	0.522222
1810	0.56	0.527778
1820	0.55	0.527778
1830	0.6	0.527778
1840	0.68	0.533333
1850	0.63	0.522222
1860	0.63	0.522222
1870	0.53	0.522222
1880	0.57	0.522222
1890	0.53	0.522222
1900	0.59	0.522222
1910	0.61	0.522222
1920	0.66	0.527778
1930	0.61	0.527778
1940	0.61	0.522222
1950	0.59	0.522222
1960	0.62	0.522222
1970	0.69	0.527778
1980	0.6	0.527778
1990	0.67	0.522222
2000	0.68	0.522222
2010	0.56	0.522222
2020	0.64	0.522222
2030	0.67	0.522222
2040	0.66	0.522222
2050	0.56	0.527778
2060	0.61	0.527778
2070	0.66	0.522222
2080	0.51	0.522222
2090	0.63	0.527778
2100	0.66	0.527778
2110	0.61	0.522222
2120	0.76	0.522222
2130	0.62	0.522222
2140	0.63	0.522222
2150	0.67	0.522222
2160	0.61	0.522222
2170	0.56	0.522222
2180	0.6	0.522222
2190	0.63	0.522222
2200	0.68	0.522222
2210	0.61	0.522222
2220	0.63	0.522222
2230	0.64	0.522222
2240	0.67	0.522222
2250	0.58	0.522222
2260	0.63	0.522222
2270	0.64	0.522222
2280	0.69	0.522222
2290	0.57	0.522222
2300	0.62	0.522222
2310	0.63	0.522222
2320	0.59	0.522222
2330	0.62	0.522222
2340	0.67	0.522222
2350	0.51	0.522222
2360	0.63	0.522222
2370	0.62	0.522222
2380	0.71	0.522222
2390	0.63	0.522222
2400	0.61	0.522222
2410	0.59	0.522222
2420	0.6	0.522222
2430	0.55	0.522222
2440	0.56	0.522222
2450	0.66	0.522222
2460	0.57	0.522222
2470	0.63	0.522222
2480	0.63	0.522222
2490	0.54	0.522222
2500	0.68	0.522222
2510	0.56	0.522222
2520	0.59	0.522222
2530	0.65	0.522222
2540	0.65	0.522222
2550	0.64	0.522222
2560	0.64	0.522222
2570	0.64	0.522222
2580	0.56	0.522222
2590	0.63	0.522222
2600	0.61	0.522222
2610	0.72	0.522222
2620	0.67	0.527778
2630	0.73	0.522222
2640	0.61	0.522222
2650	0.62	0.522222
2660	0.6	0.522222
2670	0.55	0.522222
2680	0.61	0.522222
2690	0.6	0.522222
2700	0.68	0.522222
2710	0.69	0.522222
2720	0.6	0.522222
2730	0.58	0.522222
2740	0.64	0.522222
2750	0.64	0.522222
2760	0.63	0.522222
2770	0.58	0.522222
2780	0.66	0.522222
2790	0.62	0.522222
2800	0.65	0.522222
2810	0.69	0.522222
2820	0.62	0.522222
2830	0.62	0.522222
2840	0.66	0.522222
2850	0.7	0.522222
2860	0.56	0.522222
2870	0.68	0.522222
2880	0.57	0.522222
2890	0.6	0.522222
2900	0.59	0.522222
2910	0.6	0.522222
2920	0.68	0.522222
2930	0.67	0.522222
2940	0.62	0.522222
2950	0.64	0.522222
2960	0.58	0.522222
2970	0.61	0.522222
2980	0.56	0.522222
2990	0.68	0.522222
3000	0.64	0.511111
3010	0.71	0.511111
3020	0.6	0.511111
3030	0.7	0.511111
3040	0.66	0.511111
3050	0.64	0.511111
3060	0.58	0.511111
3070	0.67	0.511111
3080	0.55	0.522222
3090	0.54	0.522222
3100	0.6	0.522222
3110	0.68	0.522222
3120	0.56	0.522222
3130	0.62	0.522222
3140	0.62	0.522222
3150	0.61	0.522222
3160	0.64	0.511111
3170	0.61	0.511111
3180	0.67	0.522222
3190	0.62	0.522222
3200	0.62	0.522222
3210	0.6	0.522222
3220	0.62	0.522222
3230	0.61	0.522222
3240	0.65	0.522222
3250	0.67	0.522222
3260	0.61	0.522222
3270	0.58	0.522222
3280	0.69	0.522222
3290	0.66	0.522222
3300	0.59	0.522222
3310	0.64	0.522222
3320	0.63	0.522222
3330	0.64	0.522222
3340	0.59	0.522222
3350	0.58	0.522222
3360	0.62	0.522222
3370	0.63	0.522222
3380	0.56	0.522222
3390	0.67	0.522222
3400	0.6	0.522222
3410	0.58	0.522222
3420	0.66	0.522222
3430	0.63	0.522222
3440	0.63	0.522222
3450	0.57	0.522222
3460	0.64	0.522222
3470	0.68	0.522222
3480	0.66	0.522222
3490	0.64	0.522222
3500	0.64	0.522222
3510	0.6	0.522222
3520	0.71	0.522222
3530	0.62	0.522222
3540	0.64	0.522222
3550	0.58	0.522222
3560	0.63	0.522222
3570	0.71	0.511111
3580	0.65	0.511111
3590	0.69	0.511111
3600	0.63	0.511111
3610	0.58	0.511111
3620	0.62	0.511111
3630	0.67	0.511111
3640	0.61	0.511111
3650	0.64	0.511111
3660	0.67	0.511111
3670	0.68	0.511111
3680	0.57	0.511111
3690	0.62	0.511111
3700	0.69	0.511111
3710	0.59	0.511111
3720	0.6	0.511111
3730	0.61	0.511111
3740	0.69	0.511111
3750	0.68	0.511111
3760	0.7	0.511111
3770	0.63	0.511111
3780	0.63	0.511111
3790	0.61	0.511111
3800	0.58	0.511111
3810	0.61	0.511111
3820	0.64	0.511111
3830	0.62	0.511111
3840	0.62	0.511111
3850	0.63	0.511111
3860	0.59	0.511111
3870	0.66	0.511111
3880	0.63	0.511111
3890	0.61	0.511111
3900	0.59	0.511111
3910	0.69	0.511111
3920	0.58	0.511111
3930	0.57	0.511111
3940	0.62	0.511111
3950	0.68	0.511111
3960	0.66	0.511111
3970	0.64	0.511111
3980	0.69	0.511111
3990	0.59	0.511111
4000	0.59	0.511111
4010	0.65	0.511111
4020	0.66	0.511111
4030	0.65	0.511111
4040	0.65	0.511111
4050	0.69	0.511111
4060	0.62	0.511111
4070	0.58	0.511111
4080	0.66	0.511111
4090	0.62	0.511111
4100	0.61	0.511111
4110	0.53	0.511111
4120	0.7	0.511111
4130	0.62	0.511111
4140	0.69	0.511111
4150	0.53	0.511111
4160	0.74	0.511111
4170	0.64	0.511111
4180	0.75	0.511111
4190	0.63	0.511111
4200	0.67	0.511111
4210	0.64	0.511111
4220	0.68	0.511111
4230	0.63	0.511111
4240	0.61	0.511111
4250	0.64	0.511111
4260	0.61	0.511111
4270	0.66	0.511111
4280	0.6	0.511111
4290	0.59	0.511111
4300	0.64	0.511111
4310	0.61	0.511111
4320	0.54	0.511111
4330	0.71	0.511111
4340	0.62	0.511111
4350	0.68	0.511111
4360	0.64	0.511111
4370	0.59	0.511111
4380	0.66	0.511111
4390	0.57	0.511111
4400	0.52	0.511111
4410	0.65	0.511111
4420	0.65	0.511111
4430	0.65	0.511111
4440	0.64	0.511111
4450	0.68	0.511111
4460	0.48	0.511111
4470	0.57	0.511111
4480	0.64	0.511111
4490	0.7	0.511111
4500	0.66	0.511111
4510	0.73	0.511111
4520	0.66	0.511111
4530	0.67	0.511111
4540	0.61	0.511111
4550	0.66	0.511111
4560	0.63	0.511111
4570	0.64	0.511111
4580	0.64	0.511111
4590	0.62	0.511111
4600	0.55	0.511111
4610	0.66	0.511111
4620	0.63	0.511111
4630	0.71	0.511111
4640	0.62	0.511111
4650	0.47	0.511111
4660	0.65	0.511111
4670	0.68	0.511111
4680	0.65	0.511111
4690	0.62	0.511111
4700	0.59	0.511111
4710	0.67	0.511111
4720	0.58	0.511111
4730	0.63	0.511111
4740	0.66	0.511111
4750	0.61	0.511111
4760	0.64	0.511111
4770	0.66	0.511111
4780	0.62	0.511111
4790	0.58	0.511111
4800	0.61	0.511111
4810	0.68	0.511111
4820	0.54	0.511111
4830	0.61	0.511111
4840	0.6	0.511111
4850	0.6	0.511111
4860	0.62	0.511111
4870	0.63	0.511111
4880	0.6	0.511111
4890	0.61	0.511111
4900	0.67	0.511111
4910	0.6	0.511111
4920	0.68	0.511111
4930	0.65	0.511111
4940	0.64	0.511111
4950	0.61	0.511111
4960	0.64	0.511111
4970	0.62	0.511111
4980	0.66	0.511111
4990	0.62	0.511111
5000	0.6	0.511111
5010	0.61	0.511111
5020	0.62	0.511111
5030	0.63	0.511111
5040	0.6	0.511111
5050	0.68	0.511111
5060	0.67	0.511111
5070	0.53	0.511111
5080	0.56	0.511111
5090	0.62	0.511111
5100	0.65	0.511111
5110	0.65	0.511111
5120	0.57	0.511111
5130	0.63	0.511111
5140	0.58	0.511111
5150	0.59	0.511111
5160	0.57	0.511111
5170	0.69	0.511111
5180	0.67	0.511111
5190	0.69	0.511111
5200	0.63	0.511111
5210	0.64	0.511111
5220	0.6	0.511111
5230	0.65	0.511111
5240	0.72	0.511111
5250	0.62	0.511111
5260	0.62	0.511111
5270	0.7	0.511111
5280	0.61	0.511111
5290	0.63	0.511111
5300	0.66	0.511111
5310	0.62	0.511111
5320	0.65	0.511111
5330	0.68	0.511111
5340	0.61	0.516667
5350	0.6	0.516667
5360	0.67	0.511111
5370	0.59	0.511111
5380	0.66	0.511111
5390	0.63	0.511111
5400	0.61	0.511111
5410	0.62	0.511111
5420	0.62	0.511111
5430	0.59	0.511111
5440	0.67	0.511111
5450	0.64	0.511111
5460	0.67	0.511111
5470	0.58	0.511111
5480	0.62	0.511111
5490	0.61	0.511111
5500	0.62	0.511111
5510	0.67	0.511111
5520	0.73	0.511111
5530	0.54	0.511111
5540	0.68	0.511111
5550	0.67	0.511111
5560	0.69	0.511111
5570	0.55	0.511111
5580	0.63	0.511111
5590	0.57	0.511111
5600	0.6	0.511111
5610	0.74	0.511111
5620	0.59	0.511111
5630	0.64	0.511111
5640	0.65	0.511111
5650	0.66	0.511111
5660	0.67	0.511111
5670	0.59	0.511111
5680	0.62	0.511111
5690	0.62	0.511111
5700	0.58	0.511111
5710	0.58	0.511111
5720	0.61	0.511111
5730	0.61	0.511111
5740	0.64	0.511111
5750	0.61	0.511111
5760	0.67	0.511111
5770	0.58	0.511111
5780	0.58	0.511111
5790	0.65	0.511111
5800	0.61	0.511111
5810	0.61	0.511111
5820	0.56	0.511111
5830	0.59	0.511111
5840	0.61	0.511111
5850	0.56	0.511111
5860	0.66	0.511111
5870	0.61	0.511111
5880	0.65	0.511111
5890	0.66	0.511111
5900	0.66	0.511111
5910	0.69	0.511111
5920	0.71	0.511111
5930	0.66	0.511111
5940	0.69	0.511111
5950	0.64	0.511111
5960	0.67	0.511111
5970	0.67	0.511111
5980	0.67	0.511111
5990	0.66	0.511111
6000	0.61	0.511111
6010	0.65	0.511111
6020	0.62	0.511111
6030	0.68	0.511111
6040	0.66	0.511111
6050	0.64	0.511111
6060	0.63	0.511111
6070	0.57	0.511111
6080	0.7	0.511111
6090	0.62	0.511111
6100	0.64	0.511111
6110	0.63	0.511111
6120	0.6	0.511111
6130	0.66	0.511111
6140	0.6	0.511111
6150	0.65	0.511111
6160	0.64	0.511111
6170	0.65	0.511111
6180	0.6	0.511111
6190	0.6	0.511111
6200	0.7	0.511111
6210	0.67	0.511111
6220	0.6	0.511111
6230	0.63	0.511111
6240	0.63	0.511111
6250	0.64	0.511111
6260	0.67	0.511111
6270	0.68	0.511111
6280	0.66	0.511111
6290	0.66	0.511111
6300	0.67	0.511111
6310	0.69	0.511111
6320	0.5	0.511111
6330	0.64	0.511111
6340	0.71	0.511111
6350	0.69	0.511111
6360	0.62	0.511111
6370	0.7	0.511111
6380	0.59	0.511111
6390	0.65	0.511111
6400	0.67	0.511111
6410	0.64	0.511111
6420	0.61	0.511111
6430	0.6	0.511111
6440	0.66	0.511111
6450	0.64	0.511111
6460	0.53	0.511111
6470	0.56	0.511111
6480	0.69	0.511111
6490	0.66	0.511111
6500	0.64	0.511111
6510	0.64	0.511111
6520	0.68	0.511111
6530	0.62	0.511111
6540	0.56	0.511111
6550	0.65	0.511111
6560	0.59	0.511111
6570	0.68	0.511111
6580	0.6	0.511111
6590	0.69	0.511111
6600	0.68	0.511111
6610	0.6	0.511111
6620	0.58	0.511111
6630	0.53	0.511111
6640	0.62	0.511111
6650	0.62	0.511111
6660	0.62	0.511111
6670	0.68	0.511111
6680	0.65	0.511111
6690	0.65	0.511111
6700	0.63	0.511111
6710	0.59	0.511111
6720	0.66	0.511111
6730	0.62	0.511111
6740	0.67	0.511111
6750	0.65	0.511111
6760	0.63	0.511111
6770	0.64	0.511111
6780	0.62	0.511111
6790	0.64	0.511111
6800	0.65	0.511111
6810	0.65	0.511111
6820	0.63	0.511111
6830	0.67	0.511111
6840	0.65	0.511111
6850	0.57	0.511111
6860	0.73	0.511111
6870	0.63	0.511111
6880	0.7	0.511111
6890	0.66	0.511111
6900	0.65	0.511111
6910	0.63	0.511111
6920	0.58	0.511111
6930	0.67	0.511111
6940	0.55	0.511111
6950	0.59	0.511111
6960	0.56	0.511111
6970	0.63	0.511111
6980	0.65	0.511111
6990	0.61	0.511111
7000	0.65	0.511111
7010	0.62	0.511111
7020	0.6	0.511111
7030	0.7	0.511111
7040	0.63	0.511111
7050	0.66	0.511111
7060	0.57	0.511111
7070	0.71	0.511111
7080	0.64	0.511111
7090	0.65	0.511111
7100	0.57	0.511111
7110	0.62	0.511111
7120	0.58	0.511111
7130	0.66	0.511111
7140	0.62	0.511111
7150	0.73	0.511111
7160	0.6	0.511111
7170	0.6	0.511111
7180	0.67	0.511111
7190	0.62	0.511111
7200	0.65	0.511111
7210	0.58	0.511111
7220	0.61	0.511111
7230	0.68	0.511111
7240	0.61	0.511111
7250	0.66	0.511111
7260	0.6	0.511111
7270	0.62	0.511111
7280	0.63	0.511111
7290	0.63	0.511111
7300	0.64	0.511111
7310	0.59	0.511111
7320	0.67	0.511111
7330	0.62	0.511111
7340	0.58	0.511111
7350	0.63	0.511111
7360	0.67	0.511111
7370	0.71	0.511111
7380	0.67	0.511111
7390	0.68	0.511111
7400	0.62	0.511111
7410	0.62	0.511111
7420	0.54	0.511111
7430	0.66	0.511111
7440	0.68	0.511111
7450	0.74	0.511111
7460	0.59	0.511111
7470	0.76	0.511111
7480	0.7	0.511111
7490	0.72	0.511111
7500	0.64	0.511111
7510	0.63	0.511111
7520	0.69	0.511111
7530	0.64	0.511111
7540	0.61	0.511111
7550	0.66	0.511111
7560	0.63	0.511111
7570	0.65	0.511111
7580	0.64	0.516667
7590	0.66	0.516667
7600	0.7	0.516667
7610	0.63	0.516667
7620	0.68	0.516667
7630	0.6	0.516667
7640	0.68	0.516667
7650	0.63	0.516667
7660	0.61	0.516667
7670	0.66	0.516667
7680	0.68	0.516667
7690	0.64	0.516667
7700	0.65	0.516667
7710	0.64	0.516667
7720	0.55	0.516667
7730	0.63	0.516667
7740	0.57	0.516667
7750	0.67	0.516667
7760	0.68	0.516667
7770	0.65	0.516667
7780	0.71	0.516667
7790	0.57	0.516667
7800	0.63	0.516667
7810	0.61	0.516667
7820	0.58	0.516667
7830	0.68	0.516667
7840	0.73	0.516667
7850	0.67	0.516667
7860	0.62	0.516667
7870	0.7	0.516667
7880	0.61	0.516667
7890	0.64	0.516667
7900	0.66	0.516667
7910	0.72	0.516667
7920	0.72	0.511111
7930	0.61	0.511111
7940	0.64	0.511111
7950	0.66	0.511111
7960	0.64	0.511111
7970	0.71	0.511111
7980	0.62	0.511111
7990	0.7	0.511111
8000	0.59	0.511111
8010	0.64	0.511111
8020	0.62	0.511111
8030	0.6	0.511111
8040	0.72	0.511111
8050	0.6	0.511111
8060	0.59	0.511111
8070	0.75	0.511111
8080	0.59	0.511111
8090	0.63	0.516667
8100	0.64	0.516667
8110	0.65	0.511111
8120	0.64	0.511111
8130	0.61	0.511111
8140	0.63	0.511111
8150	0.68	0.511111
8160	0.67	0.511111
8170	0.63	0.511111
8180	0.61	0.511111
8190	0.61	0.511111
8200	0.75	0.511111
8210	0.59	0.511111
8220	0.69	0.511111
8230	0.69	0.511111
8240	0.69	0.511111
8250	0.64	0.511111
8260	0.69	0.511111
8270	0.63	0.511111
8280	0.63	0.511111
8290	0.59	0.511111
8300	0.69	0.511111
8310	0.59	0.511111
8320	0.65	0.511111
8330	0.72	0.511111
8340	0.65	0.511111
8350	0.6	0.511111
8360	0.63	0.511111
8370	0.7	0.511111
8380	0.64	0.511111
8390	0.64	0.511111
8400	0.73	0.511111
8410	0.76	0.511111
8420	0.65	0.511111
8430	0.61	0.511111
8440	0.58	0.511111
8450	0.58	0.511111
8460	0.62	0.511111
8470	0.58	0.511111
8480	0.58	0.511111
8490	0.62	0.511111
8500	0.65	0.511111
8510	0.49	0.511111
8520	0.6	0.511111
8530	0.66	0.511111
8540	0.65	0.511111
8550	0.67	0.511111
8560	0.59	0.511111
8570	0.65	0.511111
8580	0.53	0.511111
8590	0.61	0.511111
8600	0.61	0.511111
8610	0.62	0.511111
8620	0.65	0.511111
8630	0.64	0.511111
8640	0.55	0.511111
8650	0.63	0.511111
8660	0.71	0.511111
8670	0.66	0.511111
8680	0.67	0.511111
8690	0.61	0.511111
8700	0.66	0.511111
8710	0.6	0.511111
8720	0.6	0.511111
8730	0.63	0.511111
8740	0.67	0.511111
8750	0.61	0.511111
8760	0.64	0.511111
8770	0.62	0.511111
8780	0.63	0.511111
8790	0.66	0.511111
8800	0.54	0.511111
8810	0.67	0.511111
8820	0.69	0.511111
8830	0.63	0.511111
8840	0.6	0.511111
8850	0.69	0.511111
8860	0.65	0.511111
8870	0.7	0.511111
8880	0.64	0.516667
8890	0.7	0.516667
8900	0.63	0.516667
8910	0.61	0.516667
8920	0.59	0.516667
8930	0.61	0.511111
8940	0.64	0.516667
8950	0.58	0.516667
8960	0.59	0.516667
8970	0.56	0.511111
8980	0.66	0.516667
8990	0.64	0.516667
9000	0.66	0.516667
9010	0.74	0.516667
9020	0.59	0.516667
9030	0.61	0.516667
9040	0.64	0.511111
9050	0.53	0.511111
9060	0.67	0.511111
9070	0.58	0.511111
9080	0.65	0.511111
9090	0.71	0.511111
9100	0.62	0.511111
9110	0.66	0.511111
9120	0.58	0.511111
9130	0.66	0.511111
9140	0.68	0.511111
9150	0.64	0.511111
9160	0.69	0.511111
9170	0.65	0.511111
9180	0.68	0.511111
9190	0.78	0.511111
9200	0.67	0.511111
9210	0.62	0.511111
9220	0.66	0.511111
9230	0.73	0.516667
9240	0.69	0.516667
9250	0.71	0.516667
9260	0.64	0.511111
9270	0.76	0.511111
9280	0.65	0.511111
9290	0.62	0.511111
9300	0.69	0.511111
9310	0.71	0.511111
9320	0.64	0.511111
9330	0.69	0.511111
9340	0.65	0.511111
9350	0.65	0.511111
9360	0.6	0.511111
9370	0.65	0.511111
9380	0.66	0.511111
9390	0.62	0.511111
9400	0.61	0.511111
9410	0.67	0.511111
9420	0.55	0.511111
9430	0.67	0.511111
9440	0.59	0.511111
9450	0.7	0.511111
9460	0.68	0.511111
9470	0.68	0.511111
9480	0.6	0.511111
9490	0.65	0.511111
9500	0.67	0.511111
9510	0.62	0.511111
9520	0.62	0.511111
9530	0.71	0.511111
9540	0.62	0.511111
9550	0.62	0.511111
9560	0.66	0.511111
9570	0.61	0.511111
9580	0.55	0.511111
9590	0.68	0.511111
9600	0.64	0.511111
9610	0.63	0.511111
9620	0.56	0.511111
9630	0.67	0.511111
9640	0.69	0.516667
9650	0.69	0.516667
9660	0.69	0.516667
9670	0.7	0.516667
9680	0.53	0.516667
9690	0.66	0.516667
9700	0.7	0.516667
9710	0.58	0.516667
9720	0.59	0.516667
9730	0.51	0.516667
9740	0.7	0.516667
9750	0.67	0.516667
9760	0.55	0.516667
9770	0.65	0.516667
9780	0.59	0.516667
9790	0.65	0.516667
9800	0.64	0.516667
9810	0.58	0.516667
9820	0.62	0.516667
9830	0.66	0.516667
9840	0.62	0.516667
9850	0.67	0.516667
9860	0.59	0.516667
9870	0.61	0.516667
9880	0.57	0.516667
9890	0.62	0.516667
9900	0.64	0.516667
9910	0.63	0.516667
9920	0.64	0.516667
9930	0.66	0.516667
9940	0.63	0.516667
9950	0.62	0.516667
9960	0.71	0.516667
9970	0.69	0.516667
9980	0.64	0.516667
9990	0.73	0.516667
10000	0.69	0.516667
10010	0.6	0.516667
10020	0.7	0.516667
10030	0.66	0.516667
10040	0.64	0.516667
10050	0.68	0.516667
10060	0.7	0.516667
10070	0.65	0.516667
10080	0.59	0.516667
10090	0.61	0.516667
10100	0.68	0.516667
10110	0.66	0.516667
10120	0.72	0.516667
10130	0.63	0.516667
10140	0.69	0.516667
10150	0.75	0.516667
10160	0.61	0.516667
10170	0.7	0.516667
10180	0.62	0.516667
10190	0.72	0.516667
10200	0.73	0.516667
10210	0.6	0.516667
10220	0.69	0.516667
10230	0.67	0.516667
10240	0.55	0.516667
10250	0.64	0.516667
10260	0.6	0.516667
10270	0.63	0.516667
10280	0.71	0.516667
10290	0.62	0.516667
10300	0.69	0.516667
10310	0.62	0.516667
10320	0.77	0.516667
10330	0.64	0.516667
10340	0.69	0.516667
10350	0.71	0.516667
10360	0.66	0.516667
10370	0.68	0.516667
10380	0.74	0.516667
10390	0.61	0.516667
10400	0.61	0.516667
10410	0.64	0.516667
10420	0.68	0.516667
10430	0.67	0.516667
10440	0.66	0.516667
10450	0.59	0.516667
10460	0.58	0.516667
10470	0.6	0.516667
10480	0.68	0.516667
10490	0.7	0.516667
10500	0.66	0.516667
10510	0.6	0.516667
10520	0.77	0.516667
10530	0.52	0.516667
10540	0.63	0.516667
10550	0.65	0.516667
10560	0.69	0.516667
10570	0.63	0.516667
10580	0.6	0.516667
10590	0.67	0.516667
10600	0.65	0.516667
10610	0.67	0.516667
10620	0.63	0.516667
10630	0.66	0.516667
10640	0.64	0.516667
10650	0.6	0.516667
10660	0.6	0.516667
10670	0.73	0.516667
10680	0.62	0.516667
10690	0.63	0.516667
10700	0.69	0.516667
10710	0.7	0.516667
10720	0.63	0.516667
10730	0.62	0.516667
10740	0.7	0.516667
10750	0.68	0.516667
10760	0.61	0.516667
10770	0.58	0.516667
10780	0.57	0.516667
10790	0.67	0.516667
10800	0.66	0.516667
10810	0.7	0.516667
10820	0.62	0.516667
10830	0.6	0.516667
10840	0.73	0.516667
10850	0.55	0.516667
10860	0.62	0.516667
10870	0.67	0.516667
10880	0.7	0.516667
10890	0.6	0.516667
10900	0.68	0.516667
10910	0.71	0.516667
10920	0.64	0.516667
10930	0.67	0.516667
10940	0.64	0.516667
10950	0.75	0.516667
10960	0.65	0.516667
10970	0.7	0.516667
10980	0.63	0.516667
10990	0.66	0.516667
11000	0.65	0.516667
11010	0.58	0.516667
11020	0.65	0.516667
11030	0.65	0.516667
11040	0.69	0.516667
11050	0.66	0.516667
11060	0.6	0.516667
11070	0.66	0.516667
11080	0.69	0.516667
11090	0.7	0.516667
11100	0.65	0.516667
11110	0.69	0.516667
11120	0.67	0.516667
11130	0.58	0.522222
11140	0.6	0.522222
11150	0.72	0.522222
11160	0.61	0.522222
11170	0.59	0.522222
11180	0.65	0.522222
11190	0.7	0.522222
11200	0.72	0.522222
11210	0.64	0.522222
11220	0.69	0.522222
11230	0.66	0.522222
11240	0.64	0.522222
11250	0.64	0.522222
11260	0.69	0.522222
11270	0.75	0.527778
11280	0.62	0.527778
11290	0.7	0.527778
11300	0.6	0.527778
11310	0.7	0.527778
11320	0.61	0.527778
11330	0.62	0.527778
11340	0.63	0.527778
11350	0.68	0.527778
11360	0.63	0.527778
11370	0.65	0.527778
11380	0.67	0.527778
11390	0.63	0.527778
11400	0.61	0.527778
11410	0.64	0.527778
11420	0.65	0.527778
11430	0.57	0.527778
11440	0.63	0.527778
11450	0.64	0.527778
11460	0.67	0.527778
11470	0.61	0.527778
11480	0.69	0.527778
11490	0.71	0.527778
11500	0.63	0.527778
11510	0.65	0.527778
11520	0.68	0.527778
11530	0.68	0.522222
11540	0.63	0.522222
11550	0.61	0.522222
11560	0.66	0.527778
11570	0.7	0.522222
11580	0.6	0.522222
11590	0.62	0.522222
11600	0.68	0.527778
11610	0.61	0.527778
11620	0.73	0.527778
11630	0.71	0.522222
11640	0.68	0.522222
11650	0.63	0.522222
11660	0.67	0.522222
11670	0.6	0.522222
11680	0.65	0.522222
11690	0.72	0.522222
11700	0.67	0.527778
11710	0.71	0.527778
11720	0.78	0.527778
11730	0.69	0.527778
11740	0.64	0.527778
11750	0.7	0.527778
11760	0.75	0.527778
11770	0.68	0.533333
11780	0.63	0.533333
11790	0.65	0.533333
11800	0.65	0.533333
11810	0.7	0.527778
11820	0.61	0.527778
11830	0.69	0.527778
11840	0.61	0.527778
11850	0.71	0.527778
11860	0.67	0.527778
11870	0.66	0.527778
11880	0.67	0.527778
11890	0.57	0.527778
11900	0.65	0.527778
11910	0.68	0.527778
11920	0.68	0.527778
11930	0.65	0.527778
11940	0.66	0.527778
11950	0.71	0.527778
11960	0.64	0.527778
11970	0.64	0.527778
11980	0.65	0.527778
11990	0.73	0.527778
12000	0.71	0.527778
12010	0.66	0.527778
12020	0.65	0.522222
12030	0.62	0.522222
12040	0.62	0.527778
12050	0.64	0.522222
12060	0.69	0.522222
12070	0.68	0.522222
12080	0.59	0.522222
12090	0.68	0.527778
12100	0.66	0.527778
12110	0.72	0.527778
12120	0.68	0.527778
12130	0.58	0.527778
12140	0.72	0.527778
12150	0.6	0.527778
12160	0.62	0.527778
12170	0.67	0.527778
12180	0.71	0.522222
12190	0.66	0.522222
12200	0.65	0.527778
12210	0.71	0.527778
12220	0.69	0.527778
12230	0.77	0.527778
12240	0.63	0.527778
12250	0.62	0.527778
12260	0.67	0.527778
12270	0.7	0.527778
12280	0.64	0.527778
12290	0.62	0.527778
12300	0.62	0.527778
12310	0.68	0.527778
12320	0.64	0.527778
12330	0.68	0.522222
12340	0.67	0.522222
12350	0.67	0.527778
12360	0.74	0.527778
12370	0.57	0.522222
12380	0.64	0.522222
12390	0.68	0.522222
12400	0.7	0.522222
12410	0.66	0.522222
12420	0.61	0.522222
12430	0.7	0.516667
12440	0.74	0.516667
12450	0.67	0.522222
12460	0.66	0.522222
12470	0.7	0.522222
12480	0.62	0.522222
12490	0.68	0.527778
12500	0.66	0.527778
12510	0.67	0.527778
12520	0.59	0.527778
12530	0.57	0.527778
12540	0.64	0.527778
12550	0.66	0.527778
12560	0.67	0.527778
12570	0.67	0.527778
12580	0.68	0.527778
12590	0.58	0.527778
12600	0.68	0.527778
12610	0.69	0.527778
12620	0.7	0.527778
12630	0.63	0.527778
12640	0.65	0.527778
12650	0.68	0.527778
12660	0.78	0.527778
12670	0.66	0.527778
12680	0.68	0.527778
12690	0.62	0.527778
12700	0.71	0.527778
12710	0.56	0.527778
12720	0.74	0.527778
12730	0.66	0.527778
12740	0.67	0.527778
12750	0.63	0.527778
12760	0.67	0.527778
12770	0.66	0.522222
12780	0.64	0.522222
12790	0.67	0.527778
12800	0.7	0.527778
12810	0.7	0.527778
12820	0.59	0.527778
12830	0.72	0.522222
12840	0.59	0.522222
12850	0.71	0.522222
12860	0.6	0.516667
12870	0.71	0.516667
12880	0.58	0.522222
12890	0.66	0.522222
12900	0.65	0.516667
12910	0.59	0.516667
12920	0.72	0.516667
12930	0.61	0.516667
12940	0.64	0.516667
12950	0.69	0.516667
12960	0.67	0.516667
12970	0.67	0.516667
12980	0.65	0.516667
12990	0.67	0.516667
13000	0.59	0.516667
13010	0.64	0.516667
13020	0.66	0.516667
13030	0.62	0.516667
13040	0.66	0.516667
13050	0.69	0.516667
13060	0.64	0.516667
13070	0.68	0.516667
13080	0.7	0.516667
13090	0.68	0.516667
13100	0.69	0.516667
13110	0.54	0.516667
13120	0.74	0.516667
13130	0.68	0.516667
13140	0.6	0.516667
13150	0.62	0.516667
13160	0.6	0.516667
13170	0.65	0.516667
13180	0.6	0.516667
13190	0.76	0.516667
13200	0.67	0.516667
13210	0.64	0.516667
13220	0.62	0.516667
13230	0.67	0.516667
13240	0.77	0.516667
13250	0.62	0.516667
13260	0.66	0.516667
13270	0.71	0.516667
13280	0.62	0.516667
13290	0.68	0.516667
13300	0.64	0.516667
13310	0.64	0.516667
13320	0.66	0.516667
13330	0.71	0.516667
13340	0.7	0.516667
13350	0.68	0.516667
13360	0.7	0.516667
13370	0.64	0.516667
13380	0.68	0.516667
13390	0.7	0.516667
13400	0.61	0.516667
13410	0.59	0.516667
13420	0.7	0.516667
13430	0.64	0.516667
13440	0.67	0.516667
13450	0.68	0.516667
13460	0.57	0.516667
13470	0.67	0.516667
13480	0.61	0.516667
13490	0.7	0.516667
13500	0.75	0.516667
13510	0.62	0.516667
13520	0.73	0.516667
13530	0.64	0.516667
13540	0.65	0.516667
13550	0.64	0.516667
13560	0.63	0.516667
13570	0.64	0.516667
13580	0.67	0.516667
13590	0.59	0.516667
13600	0.61	0.516667
13610	0.74	0.516667
13620	0.7	0.516667
13630	0.62	0.516667
13640	0.63	0.516667
13650	0.63	0.516667
13660	0.69	0.516667
13670	0.66	0.516667
13680	0.63	0.516667
13690	0.7	0.516667
13700	0.77	0.516667
13710	0.59	0.516667
13720	0.63	0.516667
13730	0.65	0.516667
13740	0.66	0.516667
13750	0.78	0.516667
13760	0.67	0.516667
13770	0.7	0.516667
13780	0.59	0.516667
13790	0.6	0.516667
13800	0.57	0.516667
13810	0.65	0.516667
13820	0.65	0.516667
13830	0.73	0.516667
13840	0.74	0.516667
13850	0.62	0.516667
13860	0.65	0.516667
13870	0.65	0.516667
13880	0.7	0.516667
13890	0.65	0.516667
13900	0.72	0.516667
13910	0.73	0.516667
13920	0.56	0.516667
13930	0.66	0.516667
13940	0.71	0.516667
13950	0.68	0.516667
13960	0.75	0.516667
13970	0.76	0.516667
13980	0.59	0.516667
13990	0.7	0.516667
14000	0.66	0.516667
14010	0.66	0.516667
14020	0.61	0.516667
14030	0.67	0.516667
14040	0.76	0.516667
14050	0.7	0.516667
14060	0.64	0.516667
14070	0.62	0.516667
14080	0.72	0.516667
14090	0.62	0.516667
14100	0.57	0.516667
14110	0.7	0.516667
14120	0.64	0.516667
14130	0.66	0.516667
14140	0.64	0.516667
14150	0.7	0.516667
14160	0.7	0.516667
14170	0.62	0.516667
14180	0.71	0.516667
14190	0.61	0.516667
14200	0.71	0.516667
14210	0.64	0.516667
14220	0.67	0.516667
14230	0.6	0.516667
14240	0.63	0.516667
14250	0.79	0.516667
14260	0.63	0.516667
14270	0.73	0.516667
14280	0.58	0.516667
14290	0.67	0.516667
14300	0.72	0.516667
14310	0.65	0.516667
14320	0.64	0.516667
14330	0.68	0.516667
14340	0.71	0.516667
14350	0.69	0.516667
14360	0.66	0.516667
14370	0.67	0.516667
14380	0.63	0.516667
14390	0.74	0.516667
14400	0.58	0.516667
14410	0.63	0.516667
14420	0.62	0.516667
14430	0.65	0.516667
14440	0.68	0.516667
14450	0.71	0.516667
14460	0.6	0.516667
14470	0.73	0.516667
14480	0.68	0.516667
14490	0.64	0.516667
14500	0.66	0.516667
14510	0.65	0.516667
14520	0.71	0.516667
14530	0.66	0.516667
14540	0.68	0.516667
14550	0.73	0.516667
14560	0.64	0.516667
14570	0.66	0.516667
14580	0.73	0.516667
14590	0.65	0.516667
14600	0.73	0.516667
14610	0.74	0.516667
14620	0.73	0.516667
14630	0.69	0.516667
14640	0.69	0.516667
14650	0.74	0.516667
14660	0.6	0.516667
14670	0.62	0.516667
14680	0.72	0.516667
14690	0.65	0.516667
14700	0.69	0.516667
14710	0.66	0.516667
14720	0.6	0.516667
14730	0.63	0.516667
14740	0.69	0.516667
14750	0.7	0.516667
14760	0.72	0.516667
14770	0.7	0.516667
14780	0.66	0.516667
14790	0.68	0.516667
14800	0.67	0.516667
14810	0.67	0.516667
14820	0.64	0.516667
14830	0.67	0.516667
14840	0.69	0.516667
14850	0.69	0.516667
14860	0.65	0.516667
14870	0.7	0.516667
14880	0.65	0.516667
14890	0.66	0.516667
14900	0.64	0.516667
14910	0.64	0.516667
14920	0.62	0.516667
14930	0.73	0.516667
14940	0.64	0.516667
14950	0.64	0.516667
14960	0.67	0.516667
14970	0.65	0.516667
14980	0.6	0.516667
14990	0.67	0.516667
15000	0.71	0.516667
15010	0.66	0.516667
15020	0.7	0.516667
15030	0.59	0.516667
15040	0.66	0.516667
15050	0.66	0.516667
15060	0.73	0.516667
15070	0.6	0.516667
15080	0.67	0.516667
15090	0.72	0.516667
15100	0.69	0.516667
15110	0.66	0.516667
15120	0.62	0.516667
15130	0.62	0.516667
15140	0.62	0.516667
15150	0.62	0.516667
15160	0.59	0.516667
15170	0.65	0.516667
15180	0.6	0.516667
15190	0.68	0.516667
15200	0.53	0.516667
15210	0.68	0.516667
15220	0.63	0.516667
15230	0.64	0.516667
15240	0.67	0.516667
15250	0.62	0.516667
15260	0.73	0.516667
15270	0.69	0.516667
15280	0.68	0.516667
15290	0.67	0.516667
15300	0.69	0.516667
15310	0.67	0.516667
15320	0.61	0.516667
15330	0.7	0.516667
15340	0.6	0.516667
15350	0.73	0.516667
15360	0.69	0.516667
15370	0.7	0.516667
15380	0.66	0.516667
15390	0.56	0.516667
15400	0.65	0.516667
15410	0.73	0.516667
15420	0.65	0.516667
15430	0.63	0.516667
15440	0.69	0.516667
15450	0.61	0.516667
15460	0.68	0.516667
15470	0.55	0.516667
15480	0.61	0.516667
15490	0.66	0.516667
15500	0.66	0.516667
15510	0.67	0.516667
15520	0.64	0.516667
15530	0.59	0.516667
15540	0.69	0.516667
15550	0.72	0.516667
15560	0.66	0.516667
15570	0.71	0.516667
15580	0.74	0.516667
15590	0.64	0.516667
15600	0.63	0.516667
15610	0.75	0.516667
15620	0.7	0.516667
15630	0.65	0.516667
15640	0.7	0.516667
15650	0.68	0.516667
15660	0.7	0.516667
15670	0.67	0.516667
15680	0.73	0.516667
15690	0.74	0.516667
15700	0.63	0.516667
15710	0.72	0.516667
15720	0.6	0.516667
15730	0.69	0.516667
15740	0.68	0.516667
15750	0.7	0.516667
15760	0.61	0.516667
15770	0.74	0.516667
15780	0.66	0.516667
15790	0.67	0.516667
15800	0.72	0.516667
15810	0.7	0.516667
15820	0.71	0.516667
15830	0.69	0.516667
15840	0.64	0.516667
15850	0.62	0.522222
15860	0.62	0.522222
15870	0.68	0.522222
15880	0.61	0.522222
15890	0.67	0.522222
15900	0.63	0.522222
15910	0.67	0.522222
15920	0.69	0.522222
15930	0.73	0.522222
15940	0.6	0.522222
15950	0.59	0.522222
15960	0.68	0.522222
15970	0.63	0.522222
15980	0.68	0.522222
15990	0.68	0.522222
16000	0.66	0.522222
16010	0.64	0.522222
16020	0.67	0.522222
16030	0.63	0.522222
16040	0.69	0.522222
16050	0.64	0.522222
16060	0.6	0.522222
16070	0.67	0.522222
16080	0.67	0.522222
16090	0.63	0.522222
16100	0.74	0.522222
16110	0.7	0.522222
16120	0.62	0.522222
16130	0.59	0.522222
16140	0.68	0.522222
16150	0.66	0.522222
16160	0.62	0.522222
16170	0.73	0.522222
16180	0.61	0.522222
16190	0.65	0.522222
16200	0.67	0.522222
16210	0.64	0.522222
16220	0.59	0.522222
16230	0.68	0.522222
16240	0.62	0.522222
16250	0.68	0.522222
16260	0.63	0.522222
16270	0.75	0.522222
16280	0.69	0.522222
16290	0.71	0.522222
16300	0.7	0.522222
16310	0.62	0.522222
16320	0.62	0.522222
16330	0.69	0.522222
16340	0.61	0.522222
16350	0.65	0.522222
16360	0.72	0.522222
16370	0.65	0.522222
16380	0.76	0.522222
16390	0.67	0.522222
16400	0.7	0.522222
16410	0.6	0.522222
16420	0.69	0.522222
16430	0.69	0.522222
16440	0.64	0.522222
16450	0.62	0.522222
16460	0.67	0.522222
16470	0.68	0.522222
16480	0.68	0.522222
16490	0.64	0.522222
16500	0.68	0.522222
16510	0.63	0.522222
16520	0.66	0.522222
16530	0.61	0.522222
16540	0.64	0.522222
16550	0.7	0.522222
16560	0.66	0.522222
16570	0.64	0.522222
16580	0.65	0.522222
16590	0.7	0.522222
16600	0.64	0.522222
16610	0.73	0.522222
16620	0.69	0.522222
16630	0.68	0.522222
16640	0.77	0.522222
16650	0.71	0.522222
16660	0.63	0.522222
16670	0.65	0.522222
16680	0.66	0.522222
16690	0.74	0.522222
16700	0.74	0.522222
16710	0.76	0.522222
16720	0.67	0.522222
16730	0.57	0.522222
16740	0.61	0.522222
16750	0.69	0.522222
16760	0.6	0.522222
16770	0.68	0.516667
16780	0.58	0.516667
16790	0.7	0.516667
16800	0.7	0.516667
16810	0.68	0.516667
16820	0.67	0.522222
16830	0.76	0.516667
16840	0.63	0.516667
16850	0.74	0.516667
16860	0.64	0.522222
16870	0.66	0.522222
16880	0.71	0.522222
16890	0.69	0.522222
16900	0.67	0.522222
16910	0.63	0.522222
16920	0.74	0.522222
16930	0.66	0.522222
16940	0.66	0.522222
16950	0.67	0.522222
16960	0.65	0.527778
16970	0.63	0.527778
16980	0.69	0.527778
16990	0.65	0.527778
17000	0.72	0.527778
17010	0.71	0.527778
17020	0.65	0.522222
17030	0.68	0.522222
17040	0.64	0.527778
17050	0.75	0.527778
17060	0.6	0.527778
17070	0.54	0.527778
17080	0.78	0.527778
17090	0.71	0.527778
17100	0.69	0.527778
17110	0.66	0.527778
17120	0.73	0.527778
17130	0.52	0.527778
17140	0.7	0.522222
17150	0.6	0.522222
17160	0.74	0.522222
17170	0.7	0.522222
17180	0.64	0.522222
17190	0.64	0.522222
17200	0.68	0.522222
17210	0.69	0.522222
17220	0.6	0.522222
17230	0.74	0.522222
17240	0.67	0.522222
17250	0.6	0.522222
17260	0.6	0.522222
17270	0.77	0.522222
17280	0.59	0.522222
17290	0.74	0.522222
17300	0.67	0.522222
17310	0.67	0.522222
17320	0.67	0.522222
17330	0.7	0.522222
17340	0.74	0.522222
17350	0.67	0.522222
17360	0.67	0.522222
17370	0.72	0.522222
17380	0.64	0.522222
17390	0.7	0.522222
17400	0.68	0.522222
17410	0.68	0.522222
17420	0.75	0.522222
17430	0.71	0.522222
17440	0.66	0.522222
17450	0.74	0.522222
17460	0.68	0.522222
17470	0.71	0.522222
17480	0.59	0.522222
17490	0.73	0.522222
17500	0.62	0.522222
17510	0.66	0.522222
17520	0.7	0.522222
17530	0.66	0.522222
17540	0.75	0.522222
17550	0.65	0.522222
17560	0.7	0.522222
17570	0.73	0.522222
17580	0.6	0.522222
17590	0.68	0.522222
17600	0.66	0.522222
17610	0.69	0.522222
17620	0.63	0.522222
17630	0.76	0.522222
17640	0.65	0.522222
17650	0.71	0.522222
17660	0.67	0.522222
17670	0.7	0.522222
17680	0.67	0.522222
17690	0.68	0.522222
17700	0.71	0.522222
17710	0.66	0.522222
17720	0.69	0.522222
17730	0.64	0.522222
17740	0.76	0.522222
17750	0.64	0.522222
17760	0.7	0.522222
17770	0.65	0.522222
17780	0.72	0.522222
17790	0.64	0.522222
17800	0.72	0.522222
17810	0.7	0.522222
17820	0.73	0.522222
17830	0.71	0.522222
17840	0.61	0.522222
17850	0.73	0.522222
17860	0.71	0.522222
17870	0.76	0.522222
17880	0.69	0.522222
17890	0.64	0.522222
17900	0.7	0.522222
17910	0.69	0.522222
17920	0.67	0.522222
17930	0.7	0.527778
17940	0.8	0.527778
17950	0.78	0.527778
17960	0.7	0.527778
17970	0.65	0.527778
17980	0.71	0.527778
17990	0.67	0.522222
18000	0.66	0.522222
18010	0.73	0.522222
18020	0.67	0.522222
18030	0.71	0.522222
18040	0.68	0.522222
18050	0.69	0.522222
18060	0.65	0.527778
18070	0.64	0.527778
18080	0.67	0.527778
18090	0.7	0.527778
18100	0.7	0.522222
18110	0.61	0.522222
18120	0.78	0.522222
18130	0.69	0.522222
18140	0.75	0.522222
18150	0.64	0.522222
18160	0.64	0.522222
18170	0.73	0.522222
18180	0.66	0.527778
18190	0.77	0.527778
18200	0.75	0.527778
18210	0.65	0.527778
18220	0.55	0.527778
18230	0.72	0.527778
18240	0.73	0.527778
18250	0.65	0.527778
18260	0.72	0.527778
18270	0.68	0.527778
18280	0.67	0.527778
18290	0.66	0.527778
18300	0.69	0.527778
18310	0.69	0.527778
18320	0.59	0.527778
18330	0.62	0.527778
18340	0.7	0.527778
18350	0.67	0.527778
18360	0.71	0.527778
18370	0.63	0.527778
18380	0.68	0.527778
18390	0.67	0.527778
18400	0.7	0.527778
18410	0.74	0.527778
18420	0.66	0.527778
18430	0.73	0.527778
18440	0.72	0.527778
18450	0.67	0.527778
18460	0.65	0.527778
18470	0.72	0.527778
18480	0.68	0.527778
18490	0.73	0.527778
18500	0.69	0.527778
18510	0.65	0.527778
18520	0.66	0.527778
18530	0.68	0.527778
18540	0.58	0.527778
18550	0.68	0.527778
18560	0.62	0.527778
18570	0.68	0.527778
18580	0.67	0.527778
18590	0.64	0.527778
18600	0.71	0.527778
18610	0.67	0.527778
18620	0.65	0.527778
18630	0.63	0.527778
18640	0.72	0.527778
18650	0.72	0.527778
18660	0.68	0.527778
18670	0.63	0.527778
18680	0.66	0.527778
18690	0.63	0.527778
18700	0.64	0.527778
18710	0.64	0.527778
18720	0.65	0.527778
18730	0.64	0.527778
18740	0.69	0.527778
18750	0.67	0.527778
18760	0.67	0.527778
18770	0.68	0.527778
18780	0.7	0.527778
18790	0.64	0.527778
18800	0.76	0.527778
18810	0.69	0.527778
18820	0.65	0.527778
18830	0.69	0.527778
18840	0.66	0.527778
18850	0.67	0.527778
18860	0.63	0.527778
18870	0.68	0.533333
18880	0.66	0.533333
18890	0.72	0.533333
18900	0.72	0.533333
18910	0.51	0.533333
18920	0.68	0.533333
18930	0.65	0.533333
18940	0.62	0.533333
18950	0.71	0.533333
18960	0.78	0.533333
18970	0.68	0.533333
18980	0.73	0.533333
18990	0.7	0.533333
19000	0.69	0.533333
19010	0.69	0.533333
19020	0.71	0.533333
19030	0.7	0.533333
19040	0.71	0.533333
19050	0.66	0.533333
19060	0.71	0.533333
19070	0.71	0.533333
19080	0.74	0.533333
19090	0.67	0.533333
19100	0.62	0.533333
19110	0.69	0.533333
19120	0.75	0.533333
19130	0.71	0.533333
19140	0.72	0.533333
19150	0.6	0.527778
19160	0.77	0.527778
19170	0.68	0.527778
19180	0.72	0.527778
19190	0.64	0.533333
19200	0.76	0.533333
19210	0.66	0.533333
19220	0.64	0.533333
19230	0.68	0.533333
19240	0.69	0.533333
19250	0.69	0.533333
19260	0.63	0.533333
19270	0.72	0.533333
19280	0.61	0.533333
19290	0.68	0.533333
19300	0.67	0.533333
19310	0.67	0.533333
19320	0.65	0.533333
19330	0.68	0.533333
19340	0.71	0.533333
19350	0.7	0.533333
19360	0.67	0.527778
19370	0.67	0.527778
19380	0.66	0.527778
19390	0.74	0.527778
19400	0.69	0.527778
19410	0.69	0.527778
19420	0.65	0.527778
19430	0.66	0.527778
19440	0.65	0.533333
19450	0.66	0.533333
19460	0.63	0.533333
19470	0.69	0.533333
19480	0.72	0.533333
19490	0.7	0.533333
19500	0.69	0.527778
19510	0.67	0.533333
19520	0.72	0.533333
19530	0.73	0.533333
19540	0.67	0.533333
19550	0.67	0.533333
19560	0.66	0.527778
19570	0.64	0.527778
19580	0.65	0.527778
19590	0.66	0.527778
19600	0.7	0.533333
19610	0.63	0.533333
19620	0.67	0.533333
19630	0.71	0.533333
19640	0.68	0.533333
19650	0.69	0.533333
19660	0.75	0.533333
19670	0.74	0.533333
19680	0.67	0.533333
19690	0.68	0.533333
19700	0.67	0.533333
19710	0.62	0.533333
19720	0.56	0.533333
19730	0.75	0.533333
19740	0.76	0.533333
19750	0.76	0.538889
19760	0.6	0.533333
19770	0.66	0.533333
19780	0.69	0.533333
19790	0.69	0.533333
19800	0.71	0.533333
19810	0.73	0.533333
19820	0.71	0.533333
19830	0.67	0.538889
19840	0.65	0.538889
19850	0.66	0.538889
19860	0.69	0.533333
19870	0.65	0.533333
19880	0.67	0.533333
19890	0.75	0.533333
19900	0.7	0.533333
19910	0.68	0.533333
19920	0.69	0.533333
19930	0.75	0.533333
19940	0.67	0.533333
19950	0.66	0.538889
19960	0.64	0.533333
19970	0.75	0.533333
19980	0.67	0.533333
19990	0.7	0.533333
20000	0.76	0.533333
20010	0.59	0.533333
20020	0.65	0.533333
20030	0.67	0.533333
20040	0.69	0.533333
20050	0.67	0.533333
20060	0.75	0.533333
20070	0.73	0.533333
20080	0.71	0.533333
20090	0.61	0.533333
20100	0.64	0.533333
20110	0.77	0.533333
20120	0.69	0.533333
20130	0.59	0.533333
20140	0.72	0.533333
20150	0.7	0.533333
20160	0.72	0.533333
20170	0.66	0.533333
20180	0.71	0.533333
20190	0.67	0.533333
20200	0.6	0.533333
20210	0.68	0.533333
20220	0.68	0.544444
20230	0.73	0.544444
20240	0.73	0.544444
20250	0.72	0.544444
20260	0.8	0.544444
20270	0.7	0.544444
20280	0.65	0.544444
20290	0.67	0.544444
20300	0.66	0.544444
20310	0.72	0.544444
20320	0.66	0.544444
20330	0.7	0.544444
20340	0.7	0.544444
20350	0.72	0.544444
20360	0.72	0.544444
20370	0.69	0.544444
20380	0.73	0.544444
20390	0.64	0.544444
20400	0.71	0.544444
20410	0.74	0.544444
20420	0.76	0.538889
20430	0.7	0.538889
20440	0.69	0.538889
20450	0.74	0.538889
20460	0.73	0.538889
20470	0.71	0.538889
20480	0.74	0.538889
20490	0.75	0.538889
20500	0.66	0.538889
20510	0.72	0.538889
20520	0.68	0.538889
20530	0.73	0.538889
20540	0.69	0.544444
20550	0.67	0.544444
20560	0.77	0.544444
20570	0.74	0.544444
20580	0.66	0.544444
20590	0.69	0.544444
20600	0.63	0.544444
20610	0.75	0.544444
20620	0.7	0.544444
20630	0.69	0.544444
20640	0.64	0.544444
20650	0.63	0.544444
20660	0.69	0.544444
20670	0.71	0.544444
20680	0.68	0.544444
20690	0.71	0.544444
20700	0.65	0.544444
20710	0.76	0.544444
20720	0.67	0.544444
20730	0.7	0.544444
20740	0.7	0.544444
20750	0.72	0.544444
20760	0.64	0.544444
20770	0.72	0.544444
20780	0.75	0.544444
20790	0.69	0.544444
20800	0.72	0.544444
20810	0.72	0.544444
20820	0.63	0.544444
20830	0.68	0.544444
20840	0.7	0.544444
20850	0.68	0.544444
20860	0.69	0.544444
20870	0.6	0.544444
20880	0.71	0.544444
20890	0.67	0.544444
20900	0.6	0.544444
20910	0.7	0.544444
20920	0.62	0.544444
20930	0.75	0.544444
20940	0.71	0.544444
20950	0.71	0.544444
20960	0.75	0.55
20970	0.64	0.55
20980	0.67	0.55
20990	0.73	0.55
21000	0.68	0.544444
21010	0.62	0.544444
21020	0.7	0.544444
21030	0.7	0.544444
21040	0.73	0.544444
21050	0.64	0.55
21060	0.73	0.55
21070	0.66	0.55
21080	0.7	0.55
21090	0.75	0.55
21100	0.65	0.55
21110	0.67	0.55
21120	0.64	0.55
21130	0.76	0.55
21140	0.69	0.55
21150	0.69	0.55
21160	0.68	0.544444
21170	0.68	0.544444
21180	0.72	0.55
21190	0.69	0.55
21200	0.74	0.55
21210	0.7	0.55
21220	0.63	0.55
21230	0.69	0.55
21240	0.71	0.55
21250	0.65	0.55
21260	0.62	0.55
21270	0.68	0.55
21280	0.74	0.555556
21290	0.65	0.555556
21300	0.69	0.555556
21310	0.71	0.555556
21320	0.71	0.561111
21330	0.69	0.561111
21340	0.65	0.561111
21350	0.73	0.561111
21360	0.7	0.561111
21370	0.63	0.555556
21380	0.74	0.566667
21390	0.66	0.566667
21400	0.74	0.583333
21410	0.75	0.583333
21420	0.66	0.583333
21430	0.68	0.583333
21440	0.75	0.583333
21450	0.66	0.588889
21460	0.73	0.588889
21470	0.69	0.588889
21480	0.67	0.588889
21490	0.62	0.583333
21500	0.63	0.583333
21510	0.75	0.583333
21520	0.74	0.577778
21530	0.65	0.566667
21540	0.7	0.561111
21550	0.71	0.561111
21560	0.7	0.561111
21570	0.7	0.561111
21580	0.69	0.555556
21590	0.57	0.555556
21600	0.78	0.555556
21610	0.71	0.555556
21620	0.73	0.555556
21630	0.73	0.555556
21640	0.75	0.555556
21650	0.79	0.555556
21660	0.65	0.555556
21670	0.61	0.55
21680	0.71	0.55
21690	0.7	0.55
21700	0.7	0.555556
21710	0.79	0.555556
21720	0.7	0.555556
21730	0.7	0.555556
21740	0.65	0.555556
21750	0.66	0.555556
21760	0.62	0.555556
21770	0.76	0.555556
21780	0.71	0.555556
21790	0.76	0.561111
21800	0.66	0.561111
21810	0.74	0.561111
21820	0.71	0.561111
21830	0.7	0.561111
21840	0.74	0.561111
21850	0.71	0.561111
21860	0.68	0.555556
21870	0.69	0.555556
21880	0.76	0.555556
21890	0.78	0.555556
21900	0.63	0.561111
21910	0.72	0.555556
21920	0.68	0.561111
21930	0.69	0.561111
21940	0.76	0.561111
21950	0.73	0.561111
21960	0.75	0.561111
21970	0.77	0.561111
21980	0.74	0.561111
21990	0.68	0.566667
22000	0.67	0.566667
22010	0.66	0.561111
22020	0.74	0.566667
22030	0.75	0.566667
22040	0.63	0.561111
22050	0.66	0.561111
22060	0.73	0.561111
22070	0.72	0.566667
22080	0.74	0.566667
22090	0.67	0.566667
22100	0.76	0.566667
22110	0.74	0.566667
22120	0.71	0.566667
22130	0.67	0.566667
22140	0.7	0.566667
22150	0.77	0.583333
22160	0.7	0.583333
22170	0.74	0.583333
22180	0.69	0.566667
22190	0.69	0.572222
22200	0.67	0.583333
22210	0.76	0.583333
22220	0.66	0.583333
22230	0.68	0.583333
22240	0.65	0.583333
22250	0.64	0.583333
22260	0.75	0.566667
22270	0.68	0.566667
22280	0.69	0.566667
22290	0.67	0.566667
22300	0.73	0.566667
22310	0.68	0.583333
22320	0.64	0.583333
22330	0.73	0.583333
22340	0.65	0.583333
22350	0.7	0.583333
22360	0.75	0.583333
22370	0.75	0.588889
22380	0.65	0.588889
22390	0.7	0.594444
22400	0.79	0.594444
22410	0.74	0.594444
22420	0.74	0.594444
22430	0.65	0.594444
22440	0.7	0.594444
22450	0.69	0.594444
22460	0.73	0.594444
22470	0.69	0.594444
22480	0.68	0.594444
22490	0.74	0.594444
22500	0.7	0.594444
22510	0.75	0.594444
22520	0.74	0.594444
22530	0.72	0.594444
22540	0.71	0.594444
22550	0.74	0.594444
22560	0.69	0.594444
22570	0.74	0.594444
22580	0.68	0.594444
22590	0.72	0.6
22600	0.8	0.6
22610	0.66	0.6
22620	0.73	0.6
22630	0.66	0.6
22640	0.75	0.6
22650	0.75	0.6
22660	0.72	0.6
22670	0.69	0.6
22680	0.73	0.6
22690	0.75	0.6
22700	0.65	0.6
22710	0.59	0.6
22720	0.74	0.6
22730	0.69	0.6
22740	0.69	0.6
22750	0.78	0.6
22760	0.64	0.6
22770	0.73	0.6
22780	0.75	0.6
22790	0.73	0.6
22800	0.73	0.6
22810	0.75	0.6
22820	0.64	0.6
22830	0.71	0.6
22840	0.65	0.6
22850	0.64	0.594444
22860	0.69	0.6
22870	0.7	0.6
22880	0.68	0.6
22890	0.73	0.6
22900	0.76	0.6
22910	0.65	0.6
22920	0.71	0.6
22930	0.76	0.6
22940	0.71	0.6
22950	0.73	0.6
22960	0.67	0.6
22970	0.68	0.6
22980	0.72	0.6
22990	0.75	0.6
23000	0.65	0.6
23010	0.67	0.6
23020	0.61	0.6
23030	0.63	0.6
23040	0.74	0.6
23050	0.72	0.6
23060	0.7	0.6
23070	0.71	0.594444
23080	0.71	0.594444
23090	0.63	0.594444
23100	0.67	0.594444
23110	0.71	0.594444
23120	0.74	0.594444
23130	0.75	0.594444
23140	0.69	0.594444
23150	0.75	0.594444
23160	0.76	0.594444
23170	0.64	0.594444
23180	0.68	0.594444
23190	0.71	0.594444
23200	0.72	0.594444
23210	0.79	0.594444
23220	0.71	0.594444
23230	0.71	0.594444
23240	0.72	0.594444
23250	0.72	0.594444
23260	0.69	0.594444
23270	0.71	0.594444
23280	0.66	0.594444
23290	0.69	0.594444
23300	0.75	0.6
23310	0.65	0.6
23320	0.72	0.6
23330	0.71	0.6
23340	0.73	0.594444
23350	0.73	0.594444
23360	0.78	0.594444
23370	0.73	0.594444
23380	0.67	0.594444
23390	0.7	0.594444
23400	0.68	0.6
23410	0.73	0.6
23420	0.72	0.6
23430	0.65	0.605556
23440	0.68	0.611111
23450	0.66	0.611111
23460	0.72	0.605556
23470	0.76	0.611111
23480	0.76	0.605556
23490	0.74	0.611111
23500	0.68	0.611111
23510	0.72	0.611111
23520	0.8	0.611111
23530	0.79	0.611111
23540	0.71	0.605556
23550	0.63	0.605556
23560	0.77	0.605556
23570	0.76	0.605556
23580	0.72	0.605556
23590	0.72	0.605556
23600	0.71	0.605556
23610	0.67	0.605556
23620	0.76	0.605556
23630	0.75	0.605556
23640	0.71	0.605556
23650	0.71	0.605556
23660	0.62	0.605556
23670	0.72	0.605556
23680	0.78	0.605556
23690	0.74	0.605556
23700	0.71	0.605556
23710	0.73	0.605556
23720	0.72	0.605556
23730	0.73	0.6
23740	0.77	0.6
23750	0.74	0.6
23760	0.67	0.594444
23770	0.69	0.594444
23780	0.74	0.594444
23790	0.72	0.594444
23800	0.83	0.594444
23810	0.66	0.594444
23820	0.59	0.594444
23830	0.6	0.594444
23840	0.7	0.605556
23850	0.71	0.605556
23860	0.64	0.605556
23870	0.77	0.605556
23880	0.69	0.605556
23890	0.74	0.605556
23900	0.76	0.605556
23910	0.68	0.605556
23920	0.67	0.605556
23930	0.72	0.594444
23940	0.72	0.605556
23950	0.72	0.605556
23960	0.7	0.605556
23970	0.62	0.605556
23980	0.7	0.605556
23990	0.72	0.605556
24000	0.75	0.611111
24010	0.68	0.611111
24020	0.72	0.611111
24030	0.77	0.611111
24040	0.66	0.611111
24050	0.77	0.611111
24060	0.76	0.611111
24070	0.8	0.611111
24080	0.69	0.611111
24090	0.77	0.611111
24100	0.63	0.611111
24110	0.69	0.611111
24120	0.73	0.611111
24130	0.73	0.611111
24140	0.7	0.611111
24150	0.72	0.611111
24160	0.77	0.6
24170	0.69	0.605556
24180	0.71	0.605556
24190	0.72	0.605556
24200	0.65	0.605556
24210	0.68	0.605556
24220	0.73	0.605556
24230	0.73	0.605556
24240	0.66	0.605556
24250	0.68	0.605556
24260	0.86	0.605556
24270	0.75	0.605556
24280	0.67	0.611111
24290	0.78	0.611111
24300	0.73	0.611111
24310	0.71	0.611111
24320	0.73	0.611111
24330	0.73	0.611111
24340	0.79	0.611111
24350	0.75	0.611111
24360	0.81	0.616667
24370	0.69	0.611111
24380	0.74	0.611111
24390	0.71	0.611111
24400	0.71	0.616667
24410	0.77	0.616667
24420	0.58	0.611111
24430	0.73	0.611111
24440	0.79	0.611111
24450	0.74	0.611111
24460	0.79	0.611111
24470	0.67	0.611111
24480	0.67	0.611111
24490	0.72	0.611111
24500	0.73	0.611111
24510	0.7	0.611111
24520	0.72	0.611111
24530	0.79	0.611111
24540	0.75	0.611111
24550	0.71	0.611111
24560	0.7	0.611111
24570	0.75	0.611111
24580	0.7	0.611111
24590	0.7	0.611111
24600	0.8	0.616667
24610	0.75	0.616667
24620	0.86	0.616667
24630	0.69	0.616667
24640	0.82	0.616667
24650	0.7	0.616667
24660	0.8	0.616667
24670	0.69	0.616667
24680	0.76	0.616667
24690	0.72	0.616667
24700	0.72	0.616667
24710	0.71	0.616667
24720	0.75	0.616667
24730	0.74	0.616667
24740	0.74	0.616667
24750	0.76	0.616667
24760	0.78	0.616667
24770	0.77	0.616667
24780	0.63	0.622222
24790	0.73	0.622222
24800	0.71	0.622222
24810	0.75	0.622222
24820	0.69	0.622222
24830	0.69	0.622222
24840	0.77	0.622222
24850	0.75	0.622222
24860	0.75	0.627778
24870	0.72	0.622222
24880	0.69	0.622222
24890	0.79	0.622222
24900	0.7	0.622222
24910	0.72	0.622222
24920	0.74	0.616667
24930	0.67	0.622222
24940	0.72	0.622222
24950	0.7	0.622222
24960	0.71	0.616667
24970	0.76	0.616667
24980	0.76	0.616667
24990	0.72	0.616667
25000	0.7	0.616667
25010	0.72	0.616667
25020	0.73	0.616667
25030	0.76	0.611111
25040	0.7	0.605556
25050	0.7	0.611111
25060	0.8	0.611111
25070	0.76	0.611111
25080	0.7	0.605556
25090	0.66	0.605556
25100	0.8	0.605556
25110	0.71	0.605556
25120	0.72	0.605556
25130	0.63	0.605556
25140	0.71	0.605556
25150	0.77	0.622222
25160	0.73	0.627778
25170	0.76	0.627778
25180	0.68	0.627778
25190	0.73	0.633333
25200	0.69	0.627778
25210	0.74	0.627778
25220	0.77	0.622222
25230	0.75	0.605556
25240	0.72	0.605556
25250	0.69	0.605556
25260	0.76	0.605556
25270	0.76	0.605556
25280	0.81	0.611111
25290	0.7	0.611111
25300	0.69	0.616667
25310	0.67	0.616667
25320	0.81	0.622222
25330	0.69	0.622222
25340	0.67	0.627778
25350	0.81	0.627778
25360	0.73	0.627778
25370	0.65	0.627778
25380	0.69	0.627778
25390	0.74	0.627778
25400	0.67	0.627778
25410	0.61	0.622222
25420	0.73	0.622222
25430	0.74	0.622222
25440	0.79	0.622222
25450	0.74	0.622222
25460	0.74	0.622222
25470	0.73	0.622222
25480	0.71	0.622222
25490	0.74	0.622222
25500	0.78	0.627778
25510	0.75	0.627778
25520	0.74	0.627778
25530	0.75	0.627778
25540	0.71	0.622222
25550	0.76	0.622222
25560	0.8	0.627778
25570	0.77	0.622222
25580	0.7	0.616667
25590	0.7	0.622222
25600	0.76	0.627778
25610	0.64	0.627778
25620	0.79	0.627778
25630	0.72	0.622222
25640	0.73	0.627778
25650	0.77	0.627778
25660	0.7	0.627778
25670	0.67	0.633333
25680	0.73	0.633333
25690	0.73	0.633333
25700	0.82	0.627778
25710	0.8	0.627778
25720	0.72	0.627778
25730	0.72	0.627778
25740	0.72	0.627778
25750	0.75	0.627778
25760	0.72	0.627778
25770	0.71	0.627778
25780	0.75	0.627778
25790	0.72	0.627778
25800	0.73	0.627778
25810	0.78	0.627778
25820	0.64	0.627778
25830	0.71	0.627778
25840	0.79	0.627778
25850	0.78	0.627778
25860	0.74	0.627778
25870	0.8	0.627778
25880	0.73	0.627778
25890	0.81	0.627778
25900	0.74	0.627778
25910	0.73	0.627778
25920	0.72	0.627778
25930	0.74	0.633333
25940	0.72	0.633333
25950	0.68	0.633333
25960	0.73	0.633333
25970	0.8	0.633333
25980	0.66	0.633333
25990	0.79	0.633333
26000	0.72	0.633333
26010	0.72	0.633333
26020	0.8	0.627778
26030	0.72	0.627778
26040	0.73	0.627778
26050	0.81	0.627778
26060	0.76	0.633333
26070	0.71	0.633333
26080	0.68	0.627778
26090	0.68	0.627778
26100	0.79	0.627778
26110	0.66	0.627778
26120	0.77	0.627778
26130	0.84	0.627778
26140	0.84	0.627778
26150	0.75	0.633333
26160	0.76	0.633333
26170	0.76	0.633333
26180	0.75	0.633333
26190	0.73	0.633333
26200	0.79	0.627778
26210	0.77	0.627778
26220	0.78	0.627778
26230	0.69	0.633333
26240	0.74	0.633333
26250	0.74	0.633333
26260	0.76	0.633333
26270	0.7	0.633333
26280	0.7	0.633333
26290	0.74	0.633333
26300	0.78	0.633333
26310	0.82	0.633333
26320	0.76	0.633333
26330	0.72	0.633333
26340	0.71	0.638889
26350	0.74	0.638889
26360	0.77	0.638889
26370	0.77	0.638889
26380	0.76	0.638889
26390	0.74	0.638889
26400	0.73	0.638889
26410	0.76	0.638889
26420	0.73	0.638889
26430	0.7	0.633333
26440	0.71	0.633333
26450	0.75	0.638889
26460	0.76	0.638889
26470	0.74	0.633333
26480	0.75	0.633333
26490	0.69	0.633333
26500	0.74	0.633333
26510	0.8	0.638889
26520	0.78	0.638889
26530	0.79	0.638889
26540	0.8	0.638889
26550	0.71	0.638889
26560	0.77	0.638889
26570	0.69	0.638889
26580	0.73	0.638889
26590	0.73	0.638889
26600	0.77	0.638889
26610	0.7	0.633333
26620	0.83	0.633333
26630	0.76	0.633333
26640	0.71	0.633333
26650	0.71	0.638889
26660	0.76	0.638889
26670	0.74	0.638889
26680	0.71	0.638889
26690	0.68	0.644444
26700	0.81	0.644444
26710	0.81	0.644444
26720	0.79	0.644444
26730	0.79	0.644444
26740	0.73	0.644444
26750	0.76	0.644444
26760	0.8	0.644444
26770	0.76	0.638889
26780	0.71	0.638889
26790	0.78	0.638889
26800	0.7	0.638889
26810	0.68	0.638889
26820	0.82	0.638889
26830	0.71	0.638889
26840	0.78	0.638889
26850	0.81	0.644444
26860	0.84	0.644444
26870	0.75	0.644444
26880	0.78	0.65
26890	0.76	0.65
26900	0.67	0.655556
26910	0.75	0.644444
26920	0.8	0.644444
26930	0.83	0.644444
26940	0.76	0.644444
26950	0.85	0.644444
26960	0.76	0.644444
26970	0.8	0.644444
26980	0.71	0.644444
26990	0.73	0.644444
27000	0.77	0.644444
27010	0.72	0.644444
27020	0.8	0.644444
27030	0.82	0.644444
27040	0.8	0.644444
27050	0.71	0.644444
27060	0.69	0.644444
27070	0.8	0.638889
27080	0.74	0.644444
27090	0.79	0.644444
27100	0.79	0.644444
27110	0.75	0.655556
27120	0.71	0.655556
27130	0.77	0.655556
27140	0.81	0.655556
27150	0.72	0.655556
27160	0.73	0.655556
27170	0.75	0.655556
27180	0.74	0.655556
27190	0.8	0.655556
27200	0.73	0.655556
27210	0.77	0.655556
27220	0.72	0.655556
27230	0.79	0.655556
27240	0.75	0.655556
27250	0.67	0.655556
27260	0.81	0.655556
27270	0.72	0.655556
27280	0.81	0.655556
27290	0.77	0.655556
27300	0.73	0.655556
27310	0.74	0.655556
27320	0.75	0.655556
27330	0.76	0.65
27340	0.76	0.655556
27350	0.77	0.655556
27360	0.78	0.655556
27370	0.81	0.655556
27380	0.75	0.655556
27390	0.7	0.655556
27400	0.8	0.655556
27410	0.78	0.655556
27420	0.72	0.655556
27430	0.72	0.655556
27440	0.7	0.655556
27450	0.82	0.655556
27460	0.71	0.655556
27470	0.72	0.655556
27480	0.8	0.655556
27490	0.73	0.655556
27500	0.76	0.655556
27510	0.73	0.655556
27520	0.63	0.655556
27530	0.76	0.655556
27540	0.72	0.65
27550	0.73	0.65
27560	0.73	0.65
27570	0.8	0.65
27580	0.69	0.65
27590	0.82	0.65
27600	0.7	0.65
27610	0.72	0.65
27620	0.69	0.655556
27630	0.82	0.65
27640	0.73	0.65
27650	0.68	0.65
27660	0.75	0.65
27670	0.77	0.65
27680	0.77	0.65
27690	0.81	0.65
27700	0.81	0.65
27710	0.73	0.65
27720	0.78	0.65
27730	0.69	0.65
27740	0.75	0.65
27750	0.7	0.65
27760	0.77	0.65
27770	0.77	0.65
27780	0.88	0.65
27790	0.75	0.65
27800	0.76	0.65
27810	0.63	0.65
27820	0.75	0.65
27830	0.72	0.65
27840	0.77	0.65
27850	0.82	0.65
27860	0.83	0.65
27870	0.72	0.65
27880	0.69	0.65
27890	0.68	0.655556
27900	0.8	0.655556
27910	0.74	0.655556
27920	0.75	0.655556
27930	0.76	0.655556
27940	0.75	0.655556
27950	0.75	0.655556
27960	0.69	0.655556
27970	0.76	0.655556
27980	0.85	0.655556
27990	0.75	0.655556
28000	0.76	0.655556
28010	0.76	0.655556
28020	0.77	0.655556
28030	0.72	0.661111
28040	0.7	0.661111
28050	0.8	0.661111
28060	0.78	0.661111
28070	0.79	0.661111
28080	0.79	0.661111
28090	0.7	0.661111
28100	0.77	0.661111
28110	0.77	0.661111
28120	0.74	0.661111
28130	0.71	0.666667
28140	0.75	0.655556
28150	0.82	0.655556
28160	0.81	0.666667
28170	0.8	0.655556
28180	0.79	0.666667
28190	0.8	0.666667
28200	0.72	0.661111
28210	0.79	0.661111
28220	0.81	0.661111
28230	0.8	0.666667
28240	0.8	0.666667
28250	0.76	0.666667
28260	0.76	0.666667
28270	0.71	0.666667
28280	0.78	0.661111
28290	0.71	0.661111
28300	0.75	0.661111
28310	0.72	0.655556
28320	0.76	0.655556
28330	0.8	0.655556
28340	0.78	0.661111
28350	0.79	0.661111
28360	0.84	0.661111
28370	0.71	0.661111
28380	0.73	0.661111
28390	0.83	0.661111
28400	0.71	0.661111
28410	0.74	0.661111
28420	0.72	0.661111
28430	0.78	0.661111
28440	0.79	0.661111
28450	0.7	0.661111
28460	0.83	0.666667
28470	0.78	0.666667
28480	0.81	0.666667
28490	0.76	0.666667
28500	0.83	0.666667
28510	0.83	0.666667
28520	0.75	0.666667
28530	0.77	0.666667
28540	0.72	0.666667
28550	0.8	0.666667
28560	0.81	0.666667
28570	0.81	0.666667
28580	0.77	0.666667
28590	0.79	0.666667
28600	0.8	0.666667
28610	0.68	0.666667
28620	0.85	0.666667
28630	0.8	0.666667
28640	0.71	0.666667
28650	0.72	0.666667
28660	0.75	0.661111
28670	0.77	0.661111
28680	0.8	0.666667
28690	0.83	0.666667
28700	0.71	0.666667
28710	0.79	0.661111
28720	0.76	0.661111
28730	0.74	0.661111
28740	0.83	0.661111
28750	0.77	0.666667
28760	0.75	0.661111
28770	0.82	0.661111
28780	0.72	0.661111
28790	0.77	0.666667
28800	0.84	0.661111
28810	0.74	0.666667
28820	0.86	0.666667
28830	0.78	0.666667
28840	0.79	0.666667
28850	0.73	0.666667
28860	0.82	0.666667
28870	0.77	0.666667
28880	0.74	0.666667
28890	0.73	0.666667
28900	0.74	0.666667
28910	0.75	0.666667
28920	0.8	0.666667
28930	0.85	0.666667
28940	0.72	0.666667
28950	0.77	0.672222
28960	0.66	0.672222
28970	0.75	0.672222
28980	0.78	0.672222
28990	0.71	0.672222
29000	0.77	0.672222
29010	0.83	0.672222
29020	0.82	0.672222
29030	0.8	0.666667
29040	0.83	0.666667
29050	0.78	0.666667
29060	0.78	0.666667
29070	0.73	0.666667
29080	0.77	0.666667
29090	0.79	0.672222
29100	0.8	0.672222
29110	0.77	0.672222
29120	0.75	0.672222
29130	0.81	0.672222
29140	0.75	0.672222
29150	0.74	0.672222
29160	0.81	0.672222
29170	0.88	0.672222
29180	0.8	0.672222
29190	0.81	0.672222
29200	0.77	0.672222
29210	0.78	0.672222
29220	0.79	0.672222
29230	0.75	0.672222
29240	0.78	0.672222
29250	0.81	0.672222
29260	0.86	0.672222
29270	0.81	0.672222
29280	0.81	0.672222
29290	0.74	0.672222
29300	0.79	0.672222
29310	0.82	0.672222
29320	0.78	0.672222
29330	0.76	0.672222
29340	0.73	0.672222
29350	0.79	0.672222
29360	0.78	0.672222
29370	0.8	0.672222
29380	0.73	0.672222
29390	0.76	0.672222
29400	0.83	0.672222
29410	0.82	0.672222
29420	0.74	0.666667
29430	0.75	0.661111
29440	0.82	0.666667
29450	0.81	0.666667
29460	0.76	0.666667
29470	0.77	0.666667
29480	0.79	0.666667
29490	0.75	0.666667
29500	0.79	0.672222
29510	0.8	0.672222
29520	0.82	0.666667
29530	0.79	0.666667
29540	0.72	0.666667
29550	0.76	0.666667
29560	0.73	0.672222
29570	0.79	0.672222
29580	0.76	0.672222
29590	0.8	0.672222
29600	0.78	0.672222
29610	0.75	0.672222
29620	0.86	0.672222
29630	0.78	0.672222
29640	0.76	0.672222
29650	0.7	0.672222
29660	0.73	0.672222
29670	0.81	0.666667
29680	0.78	0.666667
29690	0.78	0.666667
29700	0.79	0.666667
29710	0.82	0.666667
29720	0.78	0.666667
29730	0.82	0.666667
29740	0.78	0.666667
29750	0.79	0.672222
29760	0.73	0.672222
29770	0.78	0.672222
29780	0.86	0.672222
29790	0.7	0.672222
29800	0.84	0.672222
29810	0.83	0.672222
29820	0.74	0.672222
29830	0.76	0.672222
29840	0.73	0.672222
29850	0.77	0.672222
29860	0.76	0.672222
29870	0.76	0.672222
29880	0.74	0.672222
29890	0.73	0.672222
29900	0.8	0.672222
29910	0.79	0.672222
29920	0.75	0.672222
29930	0.79	0.672222
29940	0.76	0.672222
29950	0.78	0.672222
29960	0.78	0.672222
29970	0.72	0.672222
29980	0.78	0.672222
29990	0.7	0.672222
30000	0.78	0.672222
30010	0.8	0.672222
30020	0.83	0.672222
30030	0.85	0.672222
30040	0.77	0.672222
30050	0.83	0.672222
30060	0.77	0.672222
30070	0.79	0.677778
30080	0.78	0.677778
30090	0.81	0.677778
30100	0.79	0.677778
30110	0.74	0.677778
30120	0.77	0.677778
30130	0.79	0.677778
30140	0.77	0.683333
30150	0.73	0.683333
30160	0.77	0.688889
30170	0.79	0.688889
30180	0.77	0.688889
30190	0.81	0.683333
30200	0.82	0.683333
30210	0.78	0.688889
30220	0.82	0.688889
30230	0.8	0.688889
30240	0.86	0.683333
30250	0.8	0.677778
30260	0.81	0.672222
30270	0.82	0.672222
30280	0.78	0.672222
30290	0.77	0.672222
30300	0.8	0.672222
30310	0.78	0.672222
30320	0.8	0.672222
30330	0.84	0.672222
30340	0.83	0.672222
30350	0.83	0.672222
30360	0.81	0.672222
30370	0.8	0.672222
30380	0.78	0.672222
30390	0.86	0.672222
30400	0.79	0.672222
30410	0.7	0.672222
30420	0.82	0.672222
30430	0.8	0.672222
30440	0.79	0.672222
30450	0.79	0.672222
30460	0.86	0.672222
30470	0.79	0.672222
30480	0.79	0.672222
30490	0.77	0.672222
30500	0.76	0.672222
30510	0.77	0.672222
30520	0.86	0.672222
30530	0.74	0.672222
30540	0.81	0.683333
30550	0.73	0.688889
30560	0.75	0.688889
30570	0.74	0.688889
30580	0.74	0.688889
30590	0.8	0.688889
30600	0.74	0.688889
30610	0.83	0.688889
30620	0.87	0.688889
30630	0.74	0.688889
30640	0.82	0.688889
30650	0.77	0.688889
30660	0.88	0.688889
30670	0.76	0.688889
30680	0.8	0.688889
30690	0.79	0.688889
30700	0.76	0.688889
30710	0.86	0.688889
30720	0.79	0.688889
30730	0.81	0.694444
30740	0.78	0.694444
30750	0.8	0.694444
30760	0.79	0.694444
30770	0.78	0.694444
30780	0.8	0.694444
30790	0.7	0.694444
30800	0.79	0.694444
30810	0.84	0.694444
30820	0.82	0.694444
30830	0.83	0.694444
30840	0.76	0.694444
30850	0.8	0.694444
30860	0.81	0.694444
30870	0.83	0.694444
30880	0.81	0.694444
30890	0.75	0.694444
30900	0.8	0.688889
30910	0.82	0.688889
30920	0.81	0.688889
30930	0.79	0.688889
30940	0.75	0.688889
30950	0.77	0.688889
30960	0.74	0.688889
30970	0.84	0.688889
30980	0.79	0.688889
30990	0.76	0.688889
31000	0.82	0.688889
31010	0.75	0.688889
31020	0.82	0.688889
31030	0.77	0.688889
31040	0.8	0.688889
31050	0.76	0.688889
31060	0.72	0.688889
31070	0.75	0.694444
31080	0.83	0.694444
31090	0.78	0.694444
31100	0.82	0.694444
31110	0.78	0.694444
31120	0.88	0.694444
31130	0.8	0.694444
31140	0.73	0.694444
31150	0.8	0.688889
31160	0.75	0.688889
31170	0.76	0.688889
31180	0.79	0.688889
31190	0.74	0.688889
31200	0.81	0.688889
31210	0.8	0.688889
31220	0.79	0.688889
31230	0.82	0.688889
31240	0.79	0.688889
31250	0.75	0.688889
31260	0.81	0.688889
31270	0.75	0.688889
31280	0.79	0.688889
31290	0.79	0.688889
31300	0.76	0.688889
31310	0.82	0.688889
31320	0.77	0.688889
31330	0.74	0.688889
31340	0.81	0.688889
31350	0.75	0.688889
31360	0.72	0.688889
31370	0.73	0.688889
31380	0.8	0.688889
31390	0.81	0.688889
31400	0.76	0.688889
31410	0.82	0.688889
31420	0.77	0.688889
31430	0.88	0.688889
31440	0.83	0.688889
31450	0.72	0.694444
31460	0.73	0.7
31470	0.81	0.7
31480	0.8	0.7
31490	0.77	0.7
31500	0.82	0.7
31510	0.8	0.688889
31520	0.8	0.688889
31530	0.77	0.688889
31540	0.78	0.688889
31550	0.84	0.688889
31560	0.83	0.688889
31570	0.77	0.688889
31580	0.82	0.688889
31590	0.82	0.683333
31600	0.74	0.683333
31610	0.86	0.677778
31620	0.78	0.672222
31630	0.77	0.683333
31640	0.83	0.683333
31650	0.84	0.677778
31660	0.81	0.677778
31670	0.68	0.677778
31680	0.84	0.683333
31690	0.71	0.688889
31700	0.78	0.688889
31710	0.82	0.688889
31720	0.81	0.688889
31730	0.83	0.688889
31740	0.8	0.688889
31750	0.85	0.688889
31760	0.75	0.688889
31770	0.76	0.688889
31780	0.78	0.688889
31790	0.81	0.688889
31800	0.77	0.688889
31810	0.85	0.688889
31820	0.83	0.688889
31830	0.74	0.688889
31840	0.81	0.7
31850	0.79	0.7
31860	0.85	0.7
31870	0.79	0.7
31880	0.81	0.7
31890	0.78	0.7
31900	0.73	0.7
31910	0.8	0.7
31920	0.84	0.7
31930	0.85	0.7
31940	0.82	0.7
31950	0.8	0.694444
31960	0.72	0.694444
31970	0.83	0.694444
31980	0.9	0.694444
31990	0.78	0.7
32000	0.76	0.7
32010	0.82	0.7
32020	0.78	0.694444
32030	0.82	0.7
32040	0.78	0.7
32050	0.88	0.7
32060	0.75	0.7
32070	0.85	0.7
32080	0.79	0.7
32090	0.82	0.7
32100	0.85	0.7
32110	0.83	0.7
32120	0.86	0.7
32130	0.79	0.7
32140	0.86	0.7
32150	0.75	0.7
32160	0.75	0.7
32170	0.77	0.7
32180	0.8	0.7
32190	0.79	0.7
32200	0.79	0.7
32210	0.84	0.7
32220	0.76	0.7
32230	0.83	0.7
32240	0.81	0.7
32250	0.8	0.7
32260	0.78	0.7
32270	0.86	0.7
32280	0.82	0.7
32290	0.79	0.7
32300	0.82	0.7
32310	0.84	0.7
32320	0.78	0.7
32330	0.79	0.7
32340	0.81	0.7
32350	0.76	0.7
32360	0.75	0.7
32370	0.88	0.7
32380	0.76	0.7
32390	0.85	0.7
32400	0.79	0.7
32410	0.74	0.7
32420	0.82	0.7
32430	0.86	0.7
32440	0.79	0.7
32450	0.81	0.7
32460	0.8	0.7
32470	0.81	0.7
32480	0.86	0.7
32490	0.75	0.7
32500	0.81	0.7
32510	0.75	0.7
32520	0.81	0.7
32530	0.86	0.7
32540	0.79	0.7
32550	0.78	0.7
32560	0.84	0.7
32570	0.79	0.7
32580	0.78	0.7
32590	0.8	0.7
32600	0.84	0.694444
32610	0.78	0.694444
32620	0.81	0.694444
32630	0.84	0.694444
32640	0.82	0.694444
32650	0.83	0.694444
32660	0.84	0.694444
32670	0.79	0.694444
32680	0.81	0.694444
32690	0.85	0.694444
32700	0.74	0.694444
32710	0.78	0.694444
32720	0.71	0.694444
32730	0.77	0.694444
32740	0.8	0.694444
32750	0.79	0.694444
32760	0.75	0.694444
32770	0.73	0.694444
32780	0.75	0.694444
32790	0.83	0.694444
32800	0.82	0.694444
32810	0.79	0.694444
32820	0.79	0.694444
32830	0.8	0.694444
32840	0.78	0.694444
32850	0.84	0.694444
32860	0.81	0.694444
32870	0.75	0.694444
32880	0.9	0.683333
32890	0.79	0.683333
32900	0.76	0.683333
32910	0.79	0.694444
32920	0.78	0.694444
32930	0.83	0.694444
32940	0.8	0.694444
32950	0.79	0.694444
32960	0.76	0.694444
32970	0.8	0.694444
32980	0.87	0.694444
32990	0.78	0.694444
33000	0.74	0.694444
33010	0.81	0.694444
33020	0.81	0.694444
33030	0.79	0.694444
33040	0.81	0.694444
33050	0.88	0.694444
33060	0.86	0.694444
33070	0.82	0.694444
33080	0.76	0.694444
33090	0.85	0.694444
33100	0.79	0.694444
33110	0.83	0.694444
33120	0.79	0.694444
33130	0.76	0.694444
33140	0.84	0.694444
33150	0.78	0.694444
33160	0.82	0.694444
33170	0.82	0.694444
33180	0.81	0.694444
33190	0.84	0.7
33200	0.82	0.7
33210	0.82	0.7
33220	0.78	0.7
33230	0.85	0.7
33240	0.8	0.7
33250	0.82	0.7
33260	0.79	0.694444
33270	0.82	0.694444
33280	0.79	0.694444
33290	0.83	0.7
33300	0.83	0.7
33310	0.8	0.705556
33320	0.81	0.705556
33330	0.84	0.694444
33340	0.82	0.694444
33350	0.84	0.694444
33360	0.82	0.7
33370	0.77	0.7
33380	0.76	0.694444
33390	0.85	0.694444
33400	0.81	0.7
33410	0.84	0.7
33420	0.85	0.7
33430	0.73	0.7
33440	0.83	0.7
33450	0.74	0.7
33460	0.81	0.7
33470	0.79	0.7
33480	0.83	0.7
33490	0.82	0.7
33500	0.83	0.7
33510	0.74	0.688889
33520	0.77	0.688889
33530	0.85	0.688889
33540	0.82	0.688889
33550	0.86	0.688889
33560	0.75	0.688889
33570	0.77	0.688889
33580	0.81	0.694444
33590	0.81	0.7
33600	0.8	0.7
33610	0.83	0.7
33620	0.79	0.7
33630	0.79	0.7
33640	0.81	0.694444
33650	0.82	0.694444
33660	0.74	0.683333
33670	0.87	0.694444
33680	0.81	0.694444
33690	0.79	0.694444
33700	0.83	0.694444
33710	0.87	0.694444
33720	0.88	0.694444
33730	0.76	0.694444
33740	0.85	0.694444
33750	0.78	0.694444
33760	0.84	0.694444
33770	0.83	0.694444
33780	0.77	0.694444
33790	0.8	0.694444
33800	0.84	0.694444
33810	0.81	0.694444
33820	0.84	0.694444
33830	0.81	0.694444
33840	0.77	0.694444
33850	0.85	0.694444
33860	0.82	0.7
33870	0.85	0.7
33880	0.88	0.694444
33890	0.76	0.694444
33900	0.78	0.694444
33910	0.76	0.694444
33920	0.78	0.694444
33930	0.89	0.694444
33940	0.8	0.7
33950	0.8	0.7
33960	0.83	0.7
33970	0.83	0.7
33980	0.89	0.694444
33990	0.88	0.694444
34000	0.76	0.694444
34010	0.83	0.694444
34020	0.8	0.694444
34030	0.78	0.694444
34040	0.79	0.694444
34050	0.81	0.694444
34060	0.76	0.694444
34070	0.88	0.7
34080	0.78	0.7
34090	0.87	0.694444
34100	0.86	0.694444
34110	0.79	0.705556
34120	0.82	0.705556
34130	0.84	0.7
34140	0.78	0.705556
34150	0.78	0.7
34160	0.8	0.694444
34170	0.8	0.694444
34180	0.86	0.694444
34190	0.78	0.694444
34200	0.83	0.694444
34210	0.86	0.694444
34220	0.78	0.694444
34230	0.76	0.694444
34240	0.87	0.694444
34250	0.73	0.694444
34260	0.84	0.694444
34270	0.83	0.694444
34280	0.87	0.694444
34290	0.85	0.694444
34300	0.81	0.694444
34310	0.76	0.694444
34320	0.77	0.694444
34330	0.81	0.694444
34340	0.79	0.694444
34350	0.77	0.694444
34360	0.75	0.694444
34370	0.78	0.694444
34380	0.83	0.694444
34390	0.8	0.694444
34400	0.75	0.694444
34410	0.88	0.694444
34420	0.89	0.694444
34430	0.8	0.694444
34440	0.78	0.694444
34450	0.77	0.7
34460	0.86	0.7
34470	0.85	0.7
34480	0.86	0.705556
34490	0.83	0.7
34500	0.79	0.705556
34510	0.8	0.705556
34520	0.8	0.7
34530	0.84	0.7
34540	0.86	0.705556
34550	0.81	0.705556
34560	0.86	0.705556
34570	0.82	0.7
34580	0.83	0.7
34590	0.86	0.7
34600	0.87	0.7
34610	0.81	0.7
34620	0.84	0.7
34630	0.8	0.7
34640	0.82	0.7
34650	0.83	0.7
34660	0.83	0.7
34670	0.82	0.7
34680	0.79	0.7
34690	0.85	0.7
34700	0.78	0.7
34710	0.74	0.705556
34720	0.83	0.705556
34730	0.77	0.716667
34740	0.83	0.716667
34750	0.8	0.716667
34760	0.83	0.705556
34770	0.8	0.716667
34780	0.84	0.716667
34790	0.85	0.716667
34800	0.88	0.716667
34810	0.82	0.716667
34820	0.82	0.716667
34830	0.84	0.716667
34840	0.86	0.716667
34850	0.86	0.716667
34860	0.77	0.716667
34870	0.8	0.716667
34880	0.81	0.722222
34890	0.86	0.722222
34900	0.78	0.716667
34910	0.74	0.716667
34920	0.85	0.716667
34930	0.86	0.716667
34940	0.84	0.716667
34950	0.8	0.716667
34960	0.87	0.716667
34970	0.85	0.716667
34980	0.77	0.716667
34990	0.88	0.716667
35000	0.79	0.716667
35010	0.83	0.716667
35020	0.8	0.716667
35030	0.86	0.716667
35040	0.85	0.716667
35050	0.84	0.716667
35060	0.87	0.716667
35070	0.76	0.716667
35080	0.79	0.716667
35090	0.77	0.716667
35100	0.77	0.716667
35110	0.85	0.716667
35120	0.87	0.716667
35130	0.82	0.716667
35140	0.81	0.716667
35150	0.79	0.716667
35160	0.79	0.716667
35170	0.81	0.716667
35180	0.83	0.716667
35190	0.76	0.716667
35200	0.83	0.716667
35210	0.8	0.716667
35220	0.83	0.716667
35230	0.81	0.711111
35240	0.78	0.716667
35250	0.78	0.716667
35260	0.83	0.716667
35270	0.84	0.722222
35280	0.84	0.716667
35290	0.89	0.716667
35300	0.87	0.716667
35310	0.75	0.716667
35320	0.76	0.716667
35330	0.84	0.716667
35340	0.81	0.722222
35350	0.75	0.722222
35360	0.78	0.722222
35370	0.8	0.722222
35380	0.8	0.716667
35390	0.83	0.711111
35400	0.78	0.705556
35410	0.79	0.705556
35420	0.88	0.705556
35430	0.86	0.705556
35440	0.8	0.705556
35450	0.77	0.711111
35460	0.79	0.716667
35470	0.76	0.722222
35480	0.89	0.722222
35490	0.8	0.722222
35500	0.8	0.722222
35510	0.78	0.722222
35520	0.83	0.722222
35530	0.89	0.727778
35540	0.79	0.727778
35550	0.89	0.727778
35560	0.84	0.727778
35570	0.82	0.727778
35580	0.89	0.727778
35590	0.86	0.738889
35600	0.79	0.733333
35610	0.86	0.733333
35620	0.82	0.733333
35630	0.9	0.733333
35640	0.76	0.733333
35650	0.84	0.733333
35660	0.91	0.733333
35670	0.82	0.733333
35680	0.81	0.733333
35690	0.89	0.733333
35700	0.86	0.733333
35710	0.82	0.722222
35720	0.79	0.722222
35730	0.8	0.722222
35740	0.86	0.722222
35750	0.83	0.722222
35760	0.82	0.722222
35770	0.79	0.722222
35780	0.83	0.722222
35790	0.89	0.722222
35800	0.83	0.722222
35810	0.85	0.722222
35820	0.81	0.722222
35830	0.81	0.722222
35840	0.88	0.722222
35850	0.84	0.722222
35860	0.8	0.722222
35870	0.86	0.722222
35880	0.87	0.722222
35890	0.8	0.722222
35900	0.85	0.722222
35910	0.79	0.722222
35920	0.82	0.722222
35930	0.84	0.722222
35940	0.83	0.722222
35950	0.85	0.722222
35960	0.76	0.722222
35970	0.83	0.722222
35980	0.84	0.733333
35990	0.87	0.733333
36000	0.77	0.733333
36010	0.84	0.727778
36020	0.86	0.727778
36030	0.76	0.727778
36040	0.84	0.722222
36050	0.88	0.722222
36060	0.8	0.722222
36070	0.85	0.722222
36080	0.84	0.722222
36090	0.83	0.722222
36100	0.87	0.722222
36110	0.86	0.727778
36120	0.85	0.727778
36130	0.75	0.727778
36140	0.83	0.727778
36150	0.83	0.716667
36160	0.8	0.727778
36170	0.81	0.727778
36180	0.91	0.727778
36190	0.85	0.727778
36200	0.82	0.733333
36210	0.88	0.733333
36220	0.88	0.733333
36230	0.86	0.733333
36240	0.88	0.733333
36250	0.84	0.733333
36260	0.82	0.733333
36270	0.8	0.733333
36280	0.83	0.733333
36290	0.82	0.733333
36300	0.9	0.733333
36310	0.78	0.727778
36320	0.87	0.727778
36330	0.78	0.727778
36340	0.88	0.727778
36350	0.87	0.727778
36360	0.84	0.727778
36370	0.86	0.727778
36380	0.83	0.722222
36390	0.81	0.722222
36400	0.8	0.716667
36410	0.89	0.716667
36420	0.83	0.716667
36430	0.79	0.711111
36440	0.81	0.711111
36450	0.88	0.716667
36460	0.83	0.716667
36470	0.86	0.716667
36480	0.82	0.716667
36490	0.84	0.716667
36500	0.88	0.722222
36510	0.8	0.727778
36520	0.81	0.727778
36530	0.78	0.733333
36540	0.81	0.733333
36550	0.84	0.733333
36560	0.82	0.733333
36570	0.84	0.733333
36580	0.86	0.733333
36590	0.9	0.733333
36600	0.86	0.733333
36610	0.83	0.733333
36620	0.8	0.733333
36630	0.83	0.738889
36640	0.87	0.738889
36650	0.83	0.738889
36660	0.86	0.738889
36670	0.86	0.738889
36680	0.82	0.738889
36690	0.89	0.738889
36700	0.84	0.738889
36710	0.85	0.738889
36720	0.71	0.733333
36730	0.77	0.738889
36740	0.83	0.738889
36750	0.84	0.738889
36760	0.87	0.738889
36770	0.86	0.738889
36780	0.88	0.738889
36790	0.88	0.738889
36800	0.85	0.738889
36810	0.8	0.738889
36820	0.89	0.738889
36830	0.77	0.738889
36840	0.88	0.738889
36850	0.84	0.738889
36860	0.82	0.738889
36870	0.82	0.738889
36880	0.8	0.738889
36890	0.81	0.738889
36900	0.81	0.738889
36910	0.91	0.738889
36920	0.83	0.738889
36930	0.93	0.738889
36940	0.83	0.738889
36950	0.89	0.738889
36960	0.9	0.738889
36970	0.87	0.738889
36980	0.82	0.738889
36990	0.84	0.738889
37000	0.8	0.738889
37010	0.85	0.738889
37020	0.84	0.738889
37030	0.89	0.738889
37040	0.85	0.738889
37050	0.83	0.744444
37060	0.81	0.75
37070	0.88	0.75
37080	0.87	0.75
37090	0.88	0.75
37100	0.82	0.75
37110	0.8	0.75
37120	0.82	0.75
37130	0.75	0.75
37140	0.88	0.75
37150	0.86	0.75
37160	0.89	0.75
37170	0.84	0.75
37180	0.86	0.75
37190	0.85	0.75
37200	0.86	0.75
37210	0.8	0.75
37220	0.8	0.75
37230	0.8	0.75
37240	0.87	0.755556
37250	0.88	0.75
37260	0.79	0.75
37270	0.89	0.75
37280	0.84	0.75
37290	0.77	0.75
37300	0.85	0.75
37310	0.85	0.75
37320	0.74	0.75
37330	0.83	0.75
37340	0.84	0.75
37350	0.86	0.75
37360	0.86	0.75
37370	0.87	0.75
37380	0.85	0.75
37390	0.85	0.75
37400	0.82	0.75
37410	0.82	0.75
37420	0.84	0.744444
37430	0.84	0.744444
37440	0.79	0.744444
37450	0.83	0.75
37460	0.79	0.75
37470	0.85	0.75
37480	0.86	0.75
37490	0.87	0.75
37500	0.78	0.75
37510	0.83	0.75
37520	0.85	0.744444
37530	0.87	0.744444
37540	0.82	0.744444
37550	0.85	0.744444
37560	0.89	0.744444
37570	0.86	0.744444
37580	0.82	0.744444
37590	0.79	0.744444
37600	0.85	0.75
37610	0.88	0.75
37620	0.82	0.75
37630	0.88	0.744444
37640	0.8	0.744444
37650	0.75	0.744444
37660	0.82	0.744444
37670	0.83	0.75
37680	0.86	0.75
37690	0.85	0.744444
37700	0.84	0.744444
37710	0.78	0.744444
37720	0.83	0.75
37730	0.85	0.75
37740	0.85	0.75
37750	0.87	0.75
37760	0.93	0.75
37770	0.87	0.75
37780	0.83	0.75
37790	0.84	0.75
37800	0.86	0.75
37810	0.86	0.75
37820	0.86	0.75
37830	0.87	0.75
37840	0.88	0.75
37850	0.84	0.75
37860	0.85	0.75
37870	0.84	0.75
37880	0.87	0.75
37890	0.86	0.75
37900	0.86	0.75
37910	0.81	0.75
37920	0.88	0.75
37930	0.79	0.75
37940	0.86	0.75
37950	0.86	0.75
37960	0.83	0.75
37970	0.88	0.75
37980	0.79	0.75
37990	0.9	0.75
38000	0.79	0.75
38010	0.82	0.75
38020	0.76	0.744444
38030	0.83	0.744444
38040	0.78	0.75
38050	0.82	0.755556
38060	0.85	0.755556
38070	0.8	0.755556
38080	0.81	0.755556
38090	0.81	0.755556
38100	0.86	0.755556
38110	0.85	0.755556
38120	0.87	0.755556
38130	0.83	0.75
38140	0.84	0.75
38150	0.79	0.75
38160	0.87	0.75
38170	0.89	0.75
38180	0.8	0.744444
38190	0.78	0.744444
38200	0.8	0.744444
38210	0.88	0.755556
38220	0.85	0.755556
38230	0.83	0.755556
38240	0.85	0.755556
38250	0.82	0.761111
38260	0.78	0.761111
38270	0.79	0.761111
38280	0.87	0.755556
38290	0.85	0.755556
38300	0.88	0.755556
38310	0.84	0.755556
38320	0.86	0.755556
38330	0.88	0.755556
38340	0.79	0.761111
38350	0.83	0.761111
38360	0.83	0.761111
38370	0.84	0.761111
38380	0.85	0.761111
38390	0.86	0.761111
38400	0.81	0.761111
38410	0.83	0.761111
38420	0.86	0.761111
38430	0.85	0.761111
38440	0.8	0.761111
38450	0.88	0.761111
38460	0.85	0.755556
38470	0.78	0.755556
38480	0.85	0.755556
38490	0.85	0.755556
38500	0.87	0.761111
38510	0.79	0.761111
38520	0.87	0.761111
38530	0.85	0.761111
38540	0.8	0.761111
38550	0.79	0.761111
38560	0.87	0.761111
38570	0.86	0.761111
38580	0.84	0.75
38590	0.86	0.75
38600	0.8	0.75
38610	0.76	0.75
38620	0.91	0.75
38630	0.86	0.75
38640	0.88	0.75
38650	0.8	0.75
38660	0.83	0.761111
38670	0.84	0.761111
38680	0.88	0.761111
38690	0.85	0.761111
38700	0.85	0.761111
38710	0.84	0.761111
38720	0.78	0.761111
38730	0.84	0.761111
38740	0.85	0.761111
38750	0.82	0.761111
38760	0.85	0.761111
38770	0.85	0.761111
38780	0.83	0.761111
38790	0.86	0.755556
38800	0.81	0.755556
38810	0.85	0.755556
38820	0.9	0.75
38830	0.86	0.75
38840	0.84	0.75
38850	0.8	0.75
38860	0.84	0.75
38870	0.85	0.75
38880	0.8	0.75
38890	0.82	0.75
38900	0.81	0.75
38910	0.94	0.755556
38920	0.84	0.761111
38930	0.88	0.761111
38940	0.82	0.761111
38950	0.8	0.761111
38960	0.95	0.761111
38970	0.89	0.761111
38980	0.8	0.761111
38990	0.81	0.761111
39000	0.85	0.761111
39010	0.75	0.761111
39020	0.8	0.761111
39030	0.8	0.761111
39040	0.84	0.761111
39050	0.8	0.761111
39060	0.82	0.761111
39070	0.89	0.761111
39080	0.84	0.761111
39090	0.86	0.761111
39100	0.84	0.761111
39110	0.86	0.761111
39120	0.83	0.761111
39130	0.81	0.761111
39140	0.88	0.761111
39150	0.87	0.761111
39160	0.9	0.761111
39170	0.85	0.761111
39180	0.89	0.761111
39190	0.81	0.761111
39200	0.83	0.761111
39210	0.87	0.761111
39220	0.85	0.761111
39230	0.87	0.761111
39240	0.9	0.761111
39250	0.88	0.761111
39260	0.85	0.761111
39270	0.86	0.761111
39280	0.85	0.761111
39290	0.84	0.761111
39300	0.85	0.761111
39310	0.81	0.755556
39320	0.88	0.755556
39330	0.89	0.755556
39340	0.87	0.755556
39350	0.85	0.755556
39360	0.8	0.755556
39370	0.85	0.755556
39380	0.89	0.755556
39390	0.82	0.755556
39400	0.86	0.755556
39410	0.91	0.755556
39420	0.81	0.755556
39430	0.89	0.755556
39440	0.88	0.755556
39450	0.85	0.755556
39460	0.87	0.755556
39470	0.84	0.755556
39480	0.81	0.755556
39490	0.83	0.755556
39500	0.79	0.755556
39510	0.8	0.755556
39520	0.86	0.755556
39530	0.78	0.755556
39540	0.79	0.761111
39550	0.83	0.761111
39560	0.78	0.761111
39570	0.78	0.761111
39580	0.8	0.761111
39590	0.83	0.755556
39600	0.81	0.755556
39610	0.8	0.761111
39620	0.83	0.761111
39630	0.85	0.761111
39640	0.88	0.761111
39650	0.79	0.761111
39660	0.84	0.761111
39670	0.86	0.761111
39680	0.8	0.761111
39690	0.79	0.761111
39700	0.8	0.766667
39710	0.92	0.772222
39720	0.89	0.772222
39730	0.83	0.772222
39740	0.88	0.772222
39750	0.84	0.772222
39760	0.85	0.772222
39770	0.84	0.772222
39780	0.88	0.777778
39790	0.8	0.772222
39800	0.86	0.772222
39810	0.8	0.772222
39820	0.85	0.766667
39830	0.82	0.766667
39840	0.87	0.766667
39850	0.83	0.761111
39860	0.92	0.761111
39870	0.85	0.761111
39880	0.86	0.761111
39890	0.86	0.755556
39900	0.8	0.755556
39910	0.82	0.761111
39920	0.85	0.761111
39930	0.83	0.761111
39940	0.89	0.761111
39950	0.81	0.761111
39960	0.84	0.761111
39970	0.91	0.761111
39980	0.87	0.761111
39990	0.86	0.766667
40000	0.77	0.766667
40010	0.82	0.766667
40020	0.83	0.766667
40030	0.85	0.766667
40040	0.87	0.766667
40050	0.85	0.766667
40060	0.88	0.766667
40070	0.81	0.766667
40080	0.75	0.766667
40090	0.81	0.761111
40100	0.89	0.766667
40110	0.84	0.766667
40120	0.82	0.766667
40130	0.77	0.766667
40140	0.89	0.766667
40150	0.86	0.772222
40160	0.85	0.772222
40170	0.89	0.772222
40180	0.9	0.772222
40190	0.78	0.777778
40200	0.82	0.772222
40210	0.85	0.772222
40220	0.86	0.772222
40230	0.9	0.772222
40240	0.84	0.772222
40250	0.82	0.772222
40260	0.85	0.777778
40270	0.81	0.777778
40280	0.8	0.777778
40290	0.87	0.783333
40300	0.9	0.777778
40310	0.89	0.777778
40320	0.91	0.783333
40330	0.86	0.783333
40340	0.81	0.777778
40350	0.85	0.777778
40360	0.82	0.783333
40370	0.88	0.783333
40380	0.85	0.783333
40390	0.88	0.783333
40400	0.89	0.783333
40410	0.84	0.783333
40420	0.87	0.783333
40430	0.82	0.783333
40440	0.84	0.783333
40450	0.86	0.783333
40460	0.86	0.783333
40470	0.8	0.783333
40480	0.93	0.783333
40490	0.9	0.783333
40500	0.8	0.783333
40510	0.83	0.777778
40520	0.85	0.772222
40530	0.87	0.772222
40540	0.86	0.777778
40550	0.8	0.777778
40560	0.85	0.772222
40570	0.85	0.777778
40580	0.87	0.777778
40590	0.83	0.777778
40600	0.88	0.777778
40610	0.88	0.783333
40620	0.83	0.783333
40630	0.89	0.783333
40640	0.91	0.783333
40650	0.89	0.783333
40660	0.84	0.783333
40670	0.84	0.783333
40680	0.9	0.783333
40690	0.83	0.788889
40700	0.88	0.783333
40710	0.83	0.783333
40720	0.88	0.783333
40730	0.85	0.783333
40740	0.86	0.783333
40750	0.88	0.783333
40760	0.84	0.783333
40770	0.83	0.783333
40780	0.9	0.783333
40790	0.88	0.783333
40800	0.86	0.783333
40810	0.9	0.783333
40820	0.85	0.783333
40830	0.83	0.783333
40840	0.85	0.783333
40850	0.88	0.783333
40860	0.82	0.783333
40870	0.81	0.783333
40880	0.9	0.783333
40890	0.87	0.783333
40900	0.91	0.783333
40910	0.86	0.783333
40920	0.83	0.783333
40930	0.84	0.783333
40940	0.87	0.783333
40950	0.83	0.783333
40960	0.9	0.783333
40970	0.82	0.783333
40980	0.87	0.783333
40990	0.83	0.783333
41000	0.91	0.783333
41010	0.84	0.783333
41020	0.87	0.783333
41030	0.83	0.783333
41040	0.85	0.783333
41050	0.84	0.788889
41060	0.82	0.788889
41070	0.88	0.788889
41080	0.81	0.788889
41090	0.85	0.788889
41100	0.84	0.788889
41110	0.86	0.788889
41120	0.85	0.783333
41130	0.84	0.783333
41140	0.87	0.788889
41150	0.83	0.783333
41160	0.86	0.783333
41170	0.81	0.783333
41180	0.75	0.788889
41190	0.87	0.788889
41200	0.82	0.788889
41210	0.89	0.788889
41220	0.88	0.783333
41230	0.9	0.783333
41240	0.86	0.783333
41250	0.87	0.783333
41260	0.85	0.783333
41270	0.87	0.783333
41280	0.89	0.783333
41290	0.83	0.783333
41300	0.84	0.788889
41310	0.85	0.788889
41320	0.84	0.783333
41330	0.87	0.783333
41340	0.89	0.783333
41350	0.87	0.788889
41360	0.86	0.783333
41370	0.82	0.783333
41380	0.83	0.777778
41390	0.85	0.772222
41400	0.86	0.772222
41410	0.8	0.766667
41420	0.92	0.766667
41430	0.85	0.766667
41440	0.84	0.772222
41450	0.83	0.772222
41460	0.83	0.777778
41470	0.85	0.777778
41480	0.85	0.772222
41490	0.82	0.772222
41500	0.88	0.772222
41510	0.88	0.777778
41520	0.89	0.777778
41530	0.86	0.777778
41540	0.88	0.783333
41550	0.9	0.788889
41560	0.86	0.788889
41570	0.84	0.788889
41580	0.9	0.788889
41590	0.88	0.783333
41600	0.83	0.788889
41610	0.8	0.788889
41620	0.87	0.788889
41630	0.86	0.788889
41640	0.86	0.788889
41650	0.88	0.783333
41660	0.84	0.783333
41670	0.78	0.783333
41680	0.86	0.783333
41690	0.91	0.788889
41700	0.82	0.788889
41710	0.86	0.788889
41720	0.88	0.788889
41730	0.89	0.788889
41740	0.85	0.783333
41750	0.85	0.783333
41760	0.86	0.783333
41770	0.85	0.788889
41780	0.86	0.788889
41790	0.86	0.783333
41800	0.85	0.788889
41810	0.88	0.788889
41820	0.93	0.783333
41830	0.88	0.783333
41840	0.81	0.783333
41850	0.82	0.777778
41860	0.88	0.777778
41870	0.88	0.777778
41880	0.79	0.783333
41890	0.85	0.777778
41900	0.86	0.777778
41910	0.81	0.777778
41920	0.87	0.783333
41930	0.9	0.783333
41940	0.82	0.783333
41950	0.87	0.783333
41960	0.9	0.783333
41970	0.87	0.788889
41980	0.91	0.788889
41990	0.86	0.783333
42000	0.82	0.788889
42010	0.82	0.788889
42020	0.81	0.783333
42030	0.9	0.783333
42040	0.89	0.777778
42050	0.83	0.783333
42060	0.83	0.783333
42070	0.86	0.783333
42080	0.87	0.783333
42090	0.82	0.783333
42100	0.9	0.783333
42110	0.87	0.783333
42120	0.9	0.783333
42130	0.91	0.783333
42140	0.91	0.783333
42150	0.85	0.783333
42160	0.88	0.777778
42170	0.87	0.772222
42180	0.84	0.772222
42190	0.89	0.777778
42200	0.84	0.777778
42210	0.83	0.777778
42220	0.83	0.783333
42230	0.85	0.783333
42240	0.89	0.783333
42250	0.82	0.783333
42260	0.86	0.783333
42270	0.89	0.783333
42280	0.87	0.783333
42290	0.85	0.783333
42300	0.82	0.783333
42310	0.82	0.783333
42320	0.87	0.783333
42330	0.84	0.783333
42340	0.87	0.783333
42350	0.86	0.783333
42360	0.88	0.783333
42370	0.89	0.783333
42380	0.84	0.783333
42390	0.82	0.783333
42400	0.9	0.783333
42410	0.85	0.783333
42420	0.88	0.783333
42430	0.86	0.783333
42440	0.84	0.783333
42450	0.86	0.783333
42460	0.86	0.783333
42470	0.81	0.783333
42480	0.87	0.783333
42490	0.94	0.777778
42500	0.93	0.777778
42510	0.87	0.761111
42520	0.86	0.761111
42530	0.86	0.761111
42540	0.83	0.761111
42550	0.88	0.761111
42560	0.85	0.761111
42570	0.87	0.766667
42580	0.88	0.772222
42590	0.87	0.772222
42600	0.84	0.772222
42610	0.82	0.772222
42620	0.87	0.772222
42630	0.88	0.772222
42640	0.88	0.766667
42650	0.92	0.766667
42660	0.88	0.772222
42670	0.87	0.772222
42680	0.86	0.772222
42690	0.87	0.766667
42700	0.86	0.766667
42710	0.83	0.772222
42720	0.87	0.772222
42730	0.92	0.772222
42740	0.87	0.772222
42750	0.85	0.772222
42760	0.9	0.783333
42770	0.83	0.783333
42780	0.91	0.783333
42790	0.86	0.783333
42800	0.83	0.783333
42810	0.87	0.783333
42820	0.85	0.783333
42830	0.83	0.783333
42840	0.85	0.783333
42850	0.78	0.783333
42860	0.84	0.783333
42870	0.86	0.783333
42880	0.79	0.783333
42890	0.84	0.783333
42900	0.88	0.783333
42910	0.89	0.788889
42920	0.85	0.788889
42930	0.84	0.788889
42940	0.85	0.788889
42950	0.84	0.788889
42960	0.85	0.788889
42970	0.89	0.788889
42980	0.87	0.788889
42990	0.84	0.783333
43000	0.87	0.783333
43010	0.85	0.783333
43020	0.84	0.783333
43030	0.83	0.777778
43040	0.81	0.777778
43050	0.85	0.777778
43060	0.9	0.777778
43070	0.92	0.783333
43080	0.84	0.783333
43090	0.76	0.783333
43100	0.78	0.783333
43110	0.8	0.783333
43120	0.86	0.783333
43130	0.88	0.788889
43140	0.84	0.788889
43150	0.85	0.783333
43160	0.83	0.783333
43170	0.79	0.783333
43180	0.83	0.772222
43190	0.91	0.772222
43200	0.88	0.772222
43210	0.83	0.772222
43220	0.87	0.772222
43230	0.86	0.777778
43240	0.83	0.777778
43250	0.88	0.788889
43260	0.88	0.788889
43270	0.82	0.788889
43280	0.84	0.794444
43290	0.81	0.794444
43300	0.84	0.794444
43310	0.88	0.794444
43320	0.84	0.794444
43330	0.84	0.794444
43340	0.83	0.794444
43350	0.76	0.794444
43360	0.88	0.794444
43370	0.85	0.794444
43380	0.87	0.788889
43390	0.92	0.788889
43400	0.84	0.788889
43410	0.84	0.788889
43420	0.85	0.794444
43430	0.84	0.794444
43440	0.84	0.794444
43450	0.86	0.794444
43460	0.89	0.794444
43470	0.93	0.794444
43480	0.88	0.794444
43490	0.83	0.794444
43500	0.89	0.794444
43510	0.82	0.794444
43520	0.84	0.794444
43530	0.84	0.794444
43540	0.87	0.794444
43550	0.83	0.794444
43560	0.87	0.794444
43570	0.86	0.794444
43580	0.84	0.794444
43590	0.85	0.788889
43600	0.84	0.788889
43610	0.92	0.788889
43620	0.88	0.783333
43630	0.85	0.783333
43640	0.86	0.783333
43650	0.81	0.783333
43660	0.9	0.783333
43670	0.9	0.788889
43680	0.86	0.788889
43690	0.9	0.788889
43700	0.8	0.794444
43710	0.91	0.794444
43720	0.79	0.794444
43730	0.83	0.794444
43740	0.87	0.794444
43750	0.86	0.794444
43760	0.83	0.794444
43770	0.83	0.794444
43780	0.88	0.794444
43790	0.89	0.794444
43800	0.86	0.794444
43810	0.87	0.794444
43820	0.83	0.794444
43830	0.8	0.788889
43840	0.86	0.788889
43850	0.91	0.788889
43860	0.86	0.788889
43870	0.87	0.788889
43880	0.84	0.788889
43890	0.86	0.788889
43900	0.84	0.788889
43910	0.85	0.783333
43920	0.89	0.788889
43930	0.88	0.788889
43940	0.81	0.788889
43950	0.86	0.788889
43960	0.81	0.788889
43970	0.9	0.788889
43980	0.84	0.777778
43990	0.79	0.777778
44000	0.87	0.772222
44010	0.88	0.772222
44020	0.87	0.772222
44030	0.83	0.772222
44040	0.86	0.772222
44050	0.85	0.772222
44060	0.87	0.772222
44070	0.85	0.772222
44080	0.9	0.772222
44090	0.81	0.777778
44100	0.88	0.777778
44110	0.84	0.777778
44120	0.85	0.788889
44130	0.92	0.788889
44140	0.8	0.788889
44150	0.86	0.788889
44160	0.85	0.788889
44170	0.84	0.777778
44180	0.89	0.777778
44190	0.88	0.777778
44200	0.81	0.777778
44210	0.85	0.777778
44220	0.91	0.777778
44230	0.89	0.777778
44240	0.86	0.772222
44250	0.86	0.777778
44260	0.85	0.783333
44270	0.88	0.783333
44280	0.9	0.788889
44290	0.91	0.788889
44300	0.84	0.788889
44310	0.86	0.788889
44320	0.88	0.788889
44330	0.88	0.788889
44340	0.83	0.788889
44350	0.93	0.788889
44360	0.89	0.788889
44370	0.82	0.788889
44380	0.89	0.788889
44390	0.87	0.788889
44400	0.85	0.788889
44410	0.86	0.788889
44420	0.89	0.788889
44430	0.86	0.788889
44440	0.8	0.788889
44450	0.88	0.788889
44460	0.86	0.794444
44470	0.82	0.788889
44480	0.86	0.788889
44490	0.87	0.788889
44500	0.83	0.788889
44510	0.89	0.794444
44520	0.85	0.794444
44530	0.86	0.788889
44540	0.89	0.788889
44550	0.92	0.788889
44560	0.88	0.788889
44570	0.88	0.788889
44580	0.87	0.788889
44590	0.85	0.788889
44600	0.87	0.788889
44610	0.93	0.788889
44620	0.81	0.788889
44630	0.81	0.788889
44640	0.86	0.788889
44650	0.9	0.788889
44660	0.91	0.788889
44670	0.89	0.788889
44680	0.8	0.788889
44690	0.87	0.8
44700	0.85	0.794444
44710	0.86	0.794444
44720	0.9	0.794444
44730	0.89	0.794444
44740	0.88	0.788889
44750	0.82	0.794444
44760	0.85	0.794444
44770	0.88	0.794444
44780	0.83	0.794444
44790	0.9	0.794444
44800	0.86	0.794444
44810	0.84	0.794444
44820	0.85	0.794444
44830	0.83	0.794444
44840	0.89	0.794444
44850	0.86	0.794444
44860	0.9	0.794444
44870	0.85	0.788889
44880	0.89	0.788889
44890	0.84	0.788889
44900	0.9	0.794444
44910	0.92	0.794444
44920	0.85	0.8
44930	0.89	0.794444
44940	0.87	0.8
44950	0.83	0.8
44960	0.81	0.794444
44970	0.88	0.788889
44980	0.87	0.794444
44990	0.83	0.794444
45000	0.86	0.794444
45010	0.89	0.783333
45020	0.86	0.788889
45030	0.91	0.788889
45040	0.9	0.794444
45050	0.87	0.8
45060	0.92	0.8
45070	0.83	0.8
45080	0.91	0.8
45090	0.92	0.8
45100	0.89	0.794444
45110	0.91	0.794444
45120	0.86	0.794444
45130	0.89	0.8
45140	0.86	0.8
45150	0.85	0.794444
45160	0.9	0.794444
45170	0.89	0.794444
45180	0.94	0.794444
45190	0.81	0.794444
45200	0.84	0.794444
45210	0.8	0.788889
45220	0.9	0.788889
45230	0.92	0.788889
45240	0.86	0.794444
45250	0.87	0.794444
45260	0.91	0.794444
45270	0.87	0.794444
45280	0.86	0.794444
45290	0.88	0.794444
45300	0.78	0.794444
45310	0.92	0.794444
45320	0.87	0.794444
45330	0.85	0.794444
45340	0.88	0.794444
45350	0.86	0.794444
45360	0.89	0.794444
45370	0.86	0.794444
45380	0.82	0.794444
45390	0.84	0.794444
45400	0.91	0.788889
45410	0.84	0.788889
45420	0.9	0.794444
45430	0.87	0.794444
45440	0.85	0.794444
45450	0.87	0.794444
45460	0.89	0.794444
45470	0.9	0.788889
45480	0.79	0.788889
45490	0.85	0.794444
45500	0.88	0.794444
45510	0.89	0.788889
45520	0.9	0.788889
45530	0.82	0.794444
45540	0.95	0.794444
45550	0.87	0.794444
45560	0.89	0.794444
45570	0.87	0.794444
45580	0.86	0.794444
45590	0.83	0.788889
45600	0.89	0.788889
45610	0.89	0.788889
45620	0.91	0.794444
45630	0.91	0.794444
45640	0.84	0.794444
45650	0.87	0.794444
45660	0.91	0.794444
45670	0.85	0.8
45680	0.87	0.8
45690	0.85	0.8
45700	0.88	0.8
45710	0.87	0.8
45720	0.91	0.8
45730	0.89	0.794444
45740	0.84	0.794444
45750	0.86	0.8
45760	0.89	0.8
45770	0.83	0.8
45780	0.87	0.8
45790	0.83	0.8
45800	0.87	0.794444
45810	0.89	0.794444
45820	0.83	0.794444
45830	0.89	0.788889
45840	0.85	0.794444
45850	0.82	0.788889
45860	0.92	0.788889
45870	0.89	0.794444
45880	0.91	0.794444
45890	0.89	0.794444
45900	0.87	0.783333
45910	0.9	0.783333
45920	0.91	0.788889
45930	0.85	0.794444
45940	0.82	0.794444
45950	0.89	0.788889
45960	0.87	0.794444
45970	0.89	0.794444
45980	0.86	0.794444
45990	0.93	0.794444
46000	0.84	0.794444
46010	0.88	0.794444
46020	0.93	0.794444
46030	0.89	0.794444
46040	0.89	0.794444
46050	0.87	0.794444
46060	0.92	0.794444
46070	0.94	0.794444
46080	0.84	0.794444
46090	0.93	0.794444
46100	0.83	0.794444
46110	0.85	0.794444
46120	0.86	0.794444
46130	0.86	0.794444
46140	0.85	0.794444
46150	0.87	0.794444
46160	0.85	0.794444
46170	0.92	0.794444
46180	0.84	0.794444
46190	0.88	0.794444
46200	0.88	0.794444
46210	0.9	0.794444
46220	0.91	0.794444
46230	0.91	0.794444
46240	0.87	0.794444
46250	0.87	0.794444
46260	0.89	0.794444
46270	0.89	0.794444
46280	0.87	0.794444
46290	0.89	0.8
46300	0.85	0.788889
46310	0.92	0.788889
46320	0.92	0.783333
46330	0.9	0.794444
46340	0.91	0.794444
46350	0.81	0.794444
46360	0.88	0.794444
46370	0.87	0.794444
46380	0.9	0.794444
46390	0.87	0.794444
46400	0.91	0.794444
46410	0.89	0.794444
46420	0.84	0.794444
46430	0.88	0.794444
46440	0.85	0.794444
46450	0.87	0.794444
46460	0.87	0.794444
46470	0.89	0.794444
46480	0.85	0.794444
46490	0.81	0.794444
46500	0.86	0.794444
46510	0.87	0.794444
46520	0.88	0.794444
46530	0.83	0.794444
46540	0.86	0.794444
46550	0.89	0.794444
46560	0.87	0.794444
46570	0.89	0.794444
46580	0.9	0.794444
46590	0.81	0.794444
46600	0.9	0.794444
46610	0.89	0.794444
46620	0.9	0.788889
46630	0.9	0.788889
46640	0.89	0.788889
46650	0.88	0.788889
46660	0.87	0.788889
46670	0.89	0.788889
46680	0.93	0.788889
46690	0.89	0.794444
46700	0.84	0.794444
46710	0.8	0.794444
46720	0.93	0.794444
46730	0.89	0.794444
46740	0.9	0.794444
46750	0.89	0.794444
46760	0.9	0.794444
46770	0.89	0.794444
46780	0.88	0.794444
46790	0.83	0.794444
46800	0.81	0.794444
46810	0.89	0.794444
46820	0.8	0.794444
46830	0.86	0.794444
46840	0.89	0.794444
46850	0.91	0.794444
46860	0.88	0.794444
46870	0.82	0.794444
46880	0.93	0.794444
46890	0.88	0.794444
46900	0.83	0.794444
46910	0.89	0.794444
46920	0.91	0.8
46930	0.92	0.8
46940	0.92	0.8
46950	0.86	0.8
46960	0.88	0.8
46970	0.93	0.794444
46980	0.87	0.794444
46990	0.85	0.794444
47000	0.82	0.794444
47010	0.85	0.794444
47020	0.9	0.794444
47030	0.87	0.794444
47040	0.88	0.794444
47050	0.85	0.794444
47060	0.83	0.794444
47070	0.89	0.794444
47080	0.88	0.794444
47090	0.89	0.794444
47100	0.87	0.794444
47110	0.84	0.794444
47120	0.88	0.794444
47130	0.91	0.794444
47140	0.9	0.794444
47150	0.87	0.794444
47160	0.88	0.794444
47170	0.9	0.794444
47180	0.89	0.794444
47190	0.89	0.794444
47200	0.87	0.794444
47210	0.81	0.794444
47220	0.87	0.794444
47230	0.9	0.794444
47240	0.85	0.794444
47250	0.85	0.794444
47260	0.88	0.794444
47270	0.81	0.794444
47280	0.85	0.794444
47290	0.88	0.794444
47300	0.86	0.794444
47310	0.87	0.794444
47320	0.9	0.794444
47330	0.9	0.794444
47340	0.92	0.794444
47350	0.84	0.794444
47360	0.85	0.794444
47370	0.91	0.794444
47380	0.92	0.794444
47390	0.87	0.794444
47400	0.87	0.794444
47410	0.89	0.794444
47420	0.93	0.794444
47430	0.91	0.794444
47440	0.89	0.794444
47450	0.82	0.794444
47460	0.83	0.794444
47470	0.88	0.794444
47480	0.86	0.8
47490	0.8	0.8
47500	0.91	0.794444
47510	0.8	0.8
47520	0.85	0.8
47530	0.92	0.794444
47540	0.86	0.794444
47550	0.86	0.794444
47560	0.84	0.794444
47570	0.87	0.794444
47580	0.88	0.794444
47590	0.91	0.794444
47600	0.88	0.794444
47610	0.84	0.794444
47620	0.9	0.794444
47630	0.83	0.794444
47640	0.89	0.794444
47650	0.88	0.794444
47660	0.89	0.794444
47670	0.84	0.794444
47680	0.91	0.794444
47690	0.9	0.794444
47700	0.87	0.794444
47710	0.87	0.788889
47720	0.87	0.788889
47730	0.85	0.788889
47740	0.9	0.794444
47750	0.86	0.794444
47760	0.86	0.788889
47770	0.91	0.788889
47780	0.84	0.788889
47790	0.83	0.788889
47800	0.86	0.788889
47810	0.91	0.788889
47820	0.85	0.788889
47830	0.83	0.788889
47840	0.9	0.788889
47850	0.82	0.788889
47860	0.89	0.788889
47870	0.9	0.788889
47880	0.87	0.788889
47890	0.89	0.794444
47900	0.89	0.794444
47910	0.89	0.794444
47920	0.87	0.794444
47930	0.93	0.794444
47940	0.82	0.794444
47950	0.97	0.794444
47960	0.85	0.794444
47970	0.87	0.788889
47980	0.84	0.788889
47990	0.88	0.794444
48000	0.86	0.794444
48010	0.88	0.794444
48020	0.86	0.794444
48030	0.84	0.8
48040	0.84	0.794444
48050	0.87	0.8
48060	0.85	0.8
48070	0.94	0.8
48080	0.87	0.8
48090	0.89	0.8
48100	0.88	0.794444
48110	0.9	0.794444
48120	0.92	0.8
48130	0.92	0.8
48140	0.83	0.8
48150	0.87	0.8
48160	0.88	0.8
48170	0.87	0.8
48180	0.86	0.8
48190	0.88	0.8
48200	0.88	0.8
48210	0.84	0.8
48220	0.85	0.8
48230	0.92	0.8
48240	0.9	0.8
48250	0.87	0.8
48260	0.83	0.8
48270	0.92	0.8
48280	0.88	0.8
48290	0.86	0.8
48300	0.89	0.8
48310	0.89	0.794444
48320	0.84	0.794444
48330	0.86	0.794444
48340	0.86	0.794444
48350	0.89	0.794444
48360	0.88	0.794444
48370	0.9	0.794444
48380	0.8	0.794444
48390	0.92	0.794444
48400	0.87	0.8
48410	0.9	0.8
48420	0.9	0.8
48430	0.87	0.8
48440	0.93	0.794444
48450	0.86	0.794444
48460	0.9	0.794444
48470	0.9	0.8
48480	0.89	0.8
48490	0.91	0.8
48500	0.9	0.8
48510	0.9	0.8
48520	0.88	0.8
48530	0.91	0.794444
48540	0.94	0.794444
48550	0.87	0.8
48560	0.9	0.8
48570	0.92	0.8
48580	0.91	0.794444
48590	0.91	0.794444
48600	0.89	0.794444
48610	0.92	0.8
48620	0.94	0.8
48630	0.87	0.794444
48640	0.9	0.794444
48650	0.86	0.794444
48660	0.88	0.794444
48670	0.89	0.794444
48680	0.83	0.794444
48690	0.86	0.794444
48700	0.83	0.794444
48710	0.84	0.794444
48720	0.9	0.794444
48730	0.88	0.794444
48740	0.94	0.794444
48750	0.9	0.794444
48760	0.83	0.794444
48770	0.91	0.794444
48780	0.91	0.794444
48790	0.89	0.788889
48800	0.88	0.788889
48810	0.88	0.794444
48820	0.87	0.794444
48830	0.94	0.8
48840	0.91	0.8
48850	0.85	0.794444
48860	0.87	0.794444
48870	0.95	0.794444
48880	0.86	0.788889
48890	0.85	0.788889
48900	0.91	0.788889
48910	0.89	0.794444
48920	0.91	0.788889
48930	0.86	0.788889
48940	0.93	0.788889
48950	0.91	0.788889
48960	0.91	0.788889
48970	0.89	0.788889
48980	0.85	0.788889
48990	0.86	0.788889
49000	0.85	0.788889
49010	0.91	0.788889
49020	0.89	0.788889
49030	0.89	0.788889
49040	0.89	0.794444
49050	0.9	0.788889
49060	0.86	0.794444
49070	0.87	0.794444
49080	0.87	0.794444
49090	0.91	0.788889
49100	0.92	0.788889
49110	0.83	0.788889
49120	0.93	0.788889
49130	0.9	0.788889
49140	0.89	0.788889
49150	0.89	0.788889
49160	0.93	0.788889
49170	0.87	0.788889
49180	0.87	0.794444
49190	0.89	0.794444
49200	0.89	0.794444
49210	0.85	0.794444
49220	0.89	0.794444
49230	0.86	0.794444
49240	0.87	0.794444
49250	0.86	0.8
49260	0.88	0.794444
49270	0.9	0.794444
49280	0.9	0.794444
49290	0.92	0.794444
49300	0.87	0.794444
49310	0.87	0.794444
49320	0.88	0.788889
49330	0.92	0.788889
49340	0.86	0.788889
49350	0.91	0.788889
49360	0.87	0.788889
49370	0.85	0.794444
49380	0.87	0.794444
49390	0.87	0.788889
49400	0.9	0.788889
49410	0.84	0.794444
49420	0.87	0.794444
49430	0.89	0.794444
49440	0.87	0.794444
49450	0.85	0.794444
49460	0.84	0.8
49470	0.86	0.8
49480	0.91	0.8
49490	0.88	0.8
49500	0.85	0.8
49510	0.91	0.794444
49520	0.89	0.8
49530	0.89	0.8
49540	0.89	0.8
49550	0.86	0.8
49560	0.85	0.8
49570	0.92	0.8
49580	0.83	0.794444
49590	0.88	0.794444
49600	0.87	0.8
49610	0.86	0.805556
49620	0.95	0.8
49630	0.93	0.8
49640	0.89	0.8
49650	0.89	0.8
49660	0.9	0.8
49670	0.88	0.8
49680	0.89	0.794444
49690	0.86	0.794444
49700	0.92	0.794444
49710	0.93	0.794444
49720	0.91	0.794444
49730	0.93	0.794444
49740	0.89	0.805556
49750	0.83	0.8
49760	0.87	0.8
49770	0.93	0.8
49780	0.9	0.8
49790	0.83	0.805556
49800	0.89	0.805556
49810	0.87	0.805556
49820	0.87	0.8
49830	0.89	0.8
49840	0.94	0.8
49850	0.87	0.8
49860	0.91	0.8
49870	0.9	0.8
49880	0.93	0.8
49890	0.91	0.8
49900	0.9	0.8
49910	0.89	0.8
49920	0.86	0.8
49930	0.91	0.8
49940	0.92	0.8
49950	0.92	0.8
49960	0.9	0.8
49970	0.95	0.8
49980	0.89	0.8
49990	0.95	0.8
