0	0.56	0.494444
10	0.48	0.494444
20	0.53	0.494444
30	0.51	0.494444
40	0.54	0.494444
50	0.48	0.494444
60	0.52	0.494444
70	0.52	0.494444
80	0.39	0.494444
90	0.58	0.494444
100	0.44	0.494444
110	0.54	0.494444
120	0.52	0.494444
130	0.52	0.494444
140	0.56	0.494444
150	0.58	0.494444
160	0.5	0.494444
170	0.51	0.494444
180	0.5	0.494444
190	0.48	0.494444
200	0.53	0.494444
210	0.45	0.494444
220	0.46	0.494444
230	0.57	0.494444
240	0.5	0.494444
250	0.52	0.494444
260	0.42	0.494444
270	0.49	0.494444
280	0.6	0.494444
290	0.5	0.494444
300	0.5	0.494444
310	0.46	0.494444
320	0.49	0.494444
330	0.52	0.494444
340	0.49	0.494444
350	0.47	0.494444
360	0.55	0.494444
370	0.55	0.494444
380	0.64	0.494444
390	0.45	0.494444
400	0.54	0.494444
410	0.46	0.494444
420	0.52	0.494444
430	0.54	0.494444
440	0.5	0.494444
450	0.49	0.494444
460	0.61	0.494444
470	0.57	0.494444
480	0.63	0.494444
490	0.55	0.494444
500	0.57	0.494444
510	0.44	0.494444
520	0.48	0.494444
530	0.51	0.494444
540	0.55	0.494444
550	0.58	0.494444
560	0.52	0.5
570	0.46	0.5
580	0.47	0.5
590	0.6	0.5
600	0.54	0.5
610	0.51	0.5
620	0.46	0.5
630	0.59	0.5
640	0.54	0.5
650	0.49	0.5
660	0.54	0.5
670	0.47	0.494444
680	0.56	0.494444
690	0.51	0.494444
700	0.55	0.494444
710	0.42	0.494444
720	0.47	0.494444
730	0.48	0.494444
740	0.54	0.494444
750	0.5	0.494444
760	0.48	0.494444
770	0.48	0.494444
780	0.47	0.494444
790	0.52	0.494444
800	0.5	0.494444
810	0.46	0.494444
820	0.53	0.494444
830	0.47	0.494444
840	0.56	0.494444
850	0.57	0.5
860	0.57	0.5
870	0.65	0.5
880	0.52	0.5
890	0.54	0.5
900	0.47	0.5
910	0.5	0.5
920	0.51	0.5
930	0.51	0.5
940	0.5	0.494444
950	0.41	0.494444
960	0.55	0.494444
970	0.53	0.494444
980	0.5	0.494444
990	0.43	0.494444
1000	0.53	0.494444
1010	0.53	0.5
1020	0.5	0.5
1030	0.47	0.494444
1040	0.56	0.494444
1050	0.51	0.5
1060	0.58	0.5
1070	0.46	0.5
1080	0.59	0.5
1090	0.49	0.5
1100	0.47	0.5
1110	0.45	0.5
1120	0.42	0.5
1130	0.62	0.5
1140	0.48	0.5
1150	0.55	0.5
1160	0.5	0.5
1170	0.58	0.5
1180	0.51	0.5
1190	0.5	0.5
1200	0.53	0.5
1210	0.52	0.5
1220	0.44	0.5
1230	0.5	0.5
1240	0.53	0.494444
1250	0.5	0.494444
1260	0.52	0.494444
1270	0.48	0.494444
1280	0.49	0.494444
1290	0.44	0.494444
1300	0.5	0.494444
1310	0.55	0.494444
1320	0.51	0.494444
1330	0.53	0.494444
1340	0.53	0.494444
1350	0.44	0.494444
1360	0.58	0.494444
1370	0.52	0.494444
1380	0.48	0.494444
1390	0.47	0.494444
1400	0.62	0.494444
1410	0.53	0.494444
1420	0.53	0.5
1430	0.54	0.5
1440	0.54	0.5
1450	0.59	0.5
1460	0.5	0.5
1470	0.53	0.5
1480	0.52	0.5
1490	0.54	0.494444
1500	0.5	0.494444
1510	0.48	0.494444
1520	0.54	0.494444
1530	0.55	0.494444
1540	0.52	0.494444
1550	0.57	0.494444
1560	0.58	0.5
1570	0.54	0.5
1580	0.53	0.5
1590	0.48	0.5
1600	0.59	0.494444
1610	0.49	0.494444
1620	0.53	0.5
1630	0.6	0.494444
1640	0.55	0.5
1650	0.49	0.494444
1660	0.47	0.5
1670	0.49	0.5
1680	0.54	0.505556
1690	0.47	0.505556
1700	0.44	0.505556
1710	0.53	0.505556
1720	0.42	0.505556
1730	0.53	0.505556
1740	0.52	0.505556
1750	0.55	0.505556
1760	0.56	0.5
1770	0.6	0.505556
1780	0.61	0.505556
1790	0.5	0.505556
1800	0.58	0.505556
1810	0.51	0.505556
1820	0.5	0.505556
1830	0.43	0.505556
1840	0.49	0.505556
1850	0.51	0.505556
1860	0.51	0.505556
1870	0.53	0.505556
1880	0.5	0.505556
1890	0.54	0.505556
1900	0.47	0.505556
1910	0.59	0.505556
1920	0.54	0.505556
1930	0.48	0.505556
1940	0.51	0.505556
1950	0.55	0.505556
1960	0.47	0.505556
1970	0.5	0.505556
1980	0.5	0.505556
1990	0.47	0.505556
2000	0.46	0.505556
2010	0.44	0.505556
2020	0.45	0.505556
2030	0.53	0.505556
2040	0.53	0.505556
2050	0.53	0.505556
2060	0.55	0.5
2070	0.43	0.5
2080	0.46	0.5
2090	0.57	0.5
2100	0.53	0.5
2110	0.43	0.5
2120	0.5	0.5
2130	0.4	0.5
2140	0.51	0.5
2150	0.46	0.5
2160	0.52	0.5
2170	0.53	0.5
2180	0.43	0.5
2190	0.51	0.5
2200	0.49	0.5
2210	0.51	0.5
2220	0.5	0.5
2230	0.49	0.5
2240	0.52	0.5
2250	0.52	0.5
2260	0.56	0.5
2270	0.48	0.5
2280	0.47	0.505556
2290	0.53	0.505556
2300	0.52	0.505556
2310	0.48	0.511111
2320	0.47	0.511111
2330	0.55	0.511111
2340	0.44	0.511111
2350	0.54	0.511111
2360	0.48	0.511111
2370	0.52	0.511111
2380	0.54	0.511111
2390	0.53	0.511111
2400	0.57	0.511111
2410	0.48	0.511111
2420	0.49	0.511111
2430	0.51	0.511111
2440	0.45	0.511111
2450	0.54	0.516667
2460	0.52	0.511111
2470	0.58	0.511111
2480	0.49	0.511111
2490	0.44	0.516667
2500	0.36	0.516667
2510	0.56	0.516667
2520	0.51	0.516667
2530	0.48	0.511111
2540	0.43	0.511111
2550	0.54	0.511111
2560	0.58	0.516667
2570	0.56	0.516667
2580	0.58	0.516667
2590	0.5	0.516667
2600	0.5	0.516667
2610	0.49	0.516667
2620	0.58	0.516667
2630	0.47	0.516667
2640	0.5	0.516667
2650	0.58	0.522222
2660	0.57	0.522222
2670	0.57	0.527778
2680	0.5	0.516667
2690	0.55	0.527778
2700	0.55	0.527778
2710	0.51	0.527778
2720	0.55	0.527778
2730	0.5	0.522222
2740	0.47	0.527778
2750	0.54	0.527778
2760	0.47	0.527778
2770	0.47	0.527778
2780	0.56	0.527778
2790	0.53	0.527778
2800	0.47	0.527778
2810	0.56	0.527778
2820	0.53	0.522222
2830	0.49	0.527778
2840	0.66	0.527778
2850	0.56	0.527778
2860	0.5	0.527778
2870	0.6	0.527778
2880	0.52	0.527778
2890	0.5	0.527778
2900	0.52	0.527778
2910	0.48	0.527778
2920	0.53	0.527778
2930	0.52	0.527778
2940	0.62	0.533333
2950	0.49	0.533333
2960	0.57	0.533333
2970	0.5	0.533333
2980	0.56	0.533333
2990	0.5	0.533333
3000	0.55	0.533333
3010	0.62	0.533333
3020	0.52	0.527778
3030	0.47	0.527778
3040	0.48	0.527778
3050	0.54	0.527778
3060	0.57	0.538889
3070	0.51	0.538889
3080	0.55	0.538889
3090	0.49	0.538889
3100	0.49	0.533333
3110	0.48	0.533333
3120	0.54	0.538889
3130	0.57	0.538889
3140	0.49	0.538889
3150	0.51	0.538889
3160	0.48	0.538889
3170	0.53	0.538889
3180	0.54	0.538889
3190	0.48	0.533333
3200	0.55	0.533333
3210	0.53	0.533333
3220	0.53	0.538889
3230	0.5	0.533333
3240	0.59	0.533333
3250	0.53	0.533333
3260	0.6	0.533333
3270	0.53	0.538889
3280	0.56	0.533333
3290	0.59	0.538889
3300	0.49	0.538889
3310	0.47	0.538889
3320	0.62	0.538889
3330	0.53	0.538889
3340	0.61	0.538889
3350	0.6	0.527778
3360	0.57	0.516667
3370	0.56	0.522222
3380	0.62	0.522222
3390	0.55	0.522222
3400	0.5	0.522222
3410	0.53	0.522222
3420	0.5	0.522222
3430	0.49	0.522222
3440	0.6	0.522222
3450	0.6	0.522222
3460	0.46	0.522222
3470	0.59	0.516667
3480	0.52	0.527778
3490	0.53	0.533333
3500	0.48	0.533333
3510	0.49	0.533333
3520	0.57	0.533333
3530	0.61	0.533333
3540	0.64	0.533333
3550	0.57	0.533333
3560	0.6	0.533333
3570	0.56	0.538889
3580	0.59	0.538889
3590	0.58	0.538889
3600	0.52	0.55
3610	0.55	0.55
3620	0.59	0.55
3630	0.62	0.544444
3640	0.58	0.544444
3650	0.52	0.544444
3660	0.62	0.55
3670	0.6	0.55
3680	0.58	0.55
3690	0.65	0.55
3700	0.56	0.55
3710	0.56	0.55
3720	0.55	0.55
3730	0.58	0.55
3740	0.57	0.55
3750	0.7	0.555556
3760	0.63	0.561111
3770	0.6	0.561111
3780	0.54	0.561111
3790	0.76	0.555556
3800	0.53	0.555556
3810	0.65	0.555556
3820	0.58	0.555556
3830	0.58	0.55
3840	0.66	0.544444
3850	0.48	0.55
3860	0.6	0.544444
3870	0.56	0.55
3880	0.51	0.555556
3890	0.58	0.555556
3900	0.57	0.555556
3910	0.66	0.561111
3920	0.66	0.555556
3930	0.49	0.555556
3940	0.68	0.555556
3950	0.62	0.555556
3960	0.62	0.555556
3970	0.59	0.555556
3980	0.6	0.555556
3990	0.63	0.555556
4000	0.57	0.561111
4010	0.61	0.561111
4020	0.63	0.561111
4030	0.67	0.561111
4040	0.51	0.561111
4050	0.57	0.561111
4060	0.7	0.566667
4070	0.59	0.572222
4080	0.61	0.561111
4090	0.64	0.561111
4100	0.62	0.561111
4110	0.62	0.561111
4120	0.66	0.561111
4130	0.53	0.561111
4140	0.58	0.561111
4150	0.64	0.561111
4160	0.63	0.561111
4170	0.61	0.561111
4180	0.63	0.561111
4190	0.68	0.561111
4200	0.63	0.561111
4210	0.63	0.561111
4220	0.65	0.561111
4230	0.58	0.555556
4240	0.6	0.555556
4250	0.68	0.555556
4260	0.63	0.555556
4270	0.65	0.555556
4280	0.6	0.555556
4290	0.65	0.555556
4300	0.69	0.566667
4310	0.72	0.566667
4320	0.53	0.566667
4330	0.55	0.566667
4340	0.62	0.566667
4350	0.67	0.555556
4360	0.55	0.555556
4370	0.56	0.555556
4380	0.57	0.555556
4390	0.68	0.555556
4400	0.63	0.555556
4410	0.56	0.561111
4420	0.56	0.561111
4430	0.55	0.561111
4440	0.63	0.561111
4450	0.56	0.566667
4460	0.6	0.566667
4470	0.59	0.561111
4480	0.66	0.555556
4490	0.59	0.561111
4500	0.62	0.561111
4510	0.66	0.561111
4520	0.65	0.561111
4530	0.64	0.561111
4540	0.68	0.555556
4550	0.61	0.561111
4560	0.61	0.561111
4570	0.66	0.566667
4580	0.65	0.55
4590	0.61	0.55
4600	0.59	0.55
4610	0.64	0.55
4620	0.57	0.55
4630	0.68	0.55
4640	0.66	0.55
4650	0.52	0.55
4660	0.63	0.55
4670	0.61	0.55
4680	0.67	0.55
4690	0.62	0.55
4700	0.66	0.55
4710	0.57	0.55
4720	0.67	0.55
4730	0.72	0.55
4740	0.52	0.55
4750	0.66	0.55
4760	0.61	0.55
4770	0.68	0.55
4780	0.62	0.55
4790	0.56	0.55
4800	0.65	0.55
4810	0.59	0.55
4820	0.7	0.55
4830	0.56	0.55
4840	0.65	0.55
4850	0.57	0.544444
4860	0.6	0.544444
4870	0.68	0.544444
4880	0.64	0.544444
4890	0.66	0.544444
4900	0.61	0.544444
4910	0.65	0.544444
4920	0.64	0.544444
4930	0.57	0.544444
4940	0.55	0.55
4950	0.52	0.55
4960	0.65	0.55
4970	0.63	0.55
4980	0.67	0.544444
4990	0.71	0.544444
5000	0.69	0.544444
5010	0.64	0.544444
5020	0.61	0.55
5030	0.59	0.55
5040	0.66	0.55
5050	0.67	0.55
5060	0.57	0.55
5070	0.69	0.55
5080	0.65	0.55
5090	0.63	0.55
5100	0.67	0.544444
5110	0.6	0.55
5120	0.71	0.55
5130	0.62	0.55
5140	0.68	0.55
5150	0.62	0.55
5160	0.64	0.55
5170	0.63	0.55
5180	0.63	0.55
5190	0.63	0.55
5200	0.69	0.555556
5210	0.64	0.555556
5220	0.59	0.555556
5230	0.62	0.555556
5240	0.61	0.555556
5250	0.68	0.555556
5260	0.68	0.555556
5270	0.61	0.55
5280	0.58	0.555556
5290	0.69	0.555556
5300	0.53	0.555556
5310	0.66	0.55
5320	0.64	0.555556
5330	0.56	0.555556
5340	0.65	0.555556
5350	0.66	0.555556
5360	0.58	0.555556
5370	0.62	0.55
5380	0.68	0.55
5390	0.62	0.55
5400	0.63	0.55
5410	0.66	0.555556
5420	0.67	0.555556
5430	0.69	0.555556
5440	0.63	0.555556
5450	0.61	0.555556
5460	0.61	0.555556
5470	0.55	0.555556
5480	0.67	0.555556
5490	0.7	0.555556
5500	0.64	0.555556
5510	0.69	0.555556
5520	0.57	0.555556
5530	0.57	0.555556
5540	0.68	0.555556
5550	0.64	0.561111
5560	0.58	0.561111
5570	0.63	0.561111
5580	0.58	0.561111
5590	0.56	0.561111
5600	0.57	0.561111
5610	0.63	0.561111
5620	0.57	0.561111
5630	0.65	0.561111
5640	0.57	0.561111
5650	0.67	0.561111
5660	0.61	0.561111
5670	0.57	0.561111
5680	0.61	0.561111
5690	0.6	0.561111
5700	0.64	0.561111
5710	0.67	0.566667
5720	0.7	0.561111
5730	0.7	0.561111
5740	0.67	0.561111
5750	0.66	0.561111
5760	0.69	0.561111
5770	0.64	0.561111
5780	0.67	0.566667
5790	0.63	0.566667
5800	0.7	0.566667
5810	0.61	0.561111
5820	0.7	0.561111
5830	0.67	0.561111
5840	0.73	0.561111
5850	0.64	0.561111
5860	0.6	0.561111
5870	0.67	0.566667
5880	0.59	0.566667
5890	0.66	0.561111
5900	0.61	0.555556
5910	0.64	0.561111
5920	0.63	0.561111
5930	0.71	0.561111
5940	0.65	0.561111
5950	0.61	0.561111
5960	0.54	0.561111
5970	0.7	0.555556
5980	0.66	0.566667
5990	0.6	0.566667
6000	0.69	0.566667
6010	0.62	0.566667
6020	0.68	0.566667
6030	0.58	0.566667
6040	0.78	0.561111
6050	0.64	0.561111
6060	0.58	0.566667
6070	0.61	0.566667
6080	0.63	0.566667
6090	0.64	0.566667
6100	0.61	0.561111
6110	0.65	0.561111
6120	0.67	0.561111
6130	0.59	0.561111
6140	0.62	0.561111
6150	0.74	0.561111
6160	0.62	0.561111
6170	0.58	0.561111
6180	0.63	0.561111
6190	0.63	0.561111
6200	0.75	0.561111
6210	0.64	0.561111
6220	0.68	0.561111
6230	0.63	0.561111
6240	0.62	0.566667
6250	0.68	0.561111
6260	0.62	0.561111
6270	0.71	0.561111
6280	0.62	0.561111
6290	0.62	0.561111
6300	0.65	0.561111
6310	0.6	0.566667
6320	0.77	0.561111
6330	0.61	0.561111
6340	0.65	0.561111
6350	0.56	0.561111
6360	0.67	0.561111
6370	0.63	0.561111
6380	0.65	0.561111
6390	0.68	0.561111
6400	0.63	0.566667
6410	0.64	0.561111
6420	0.75	0.566667
6430	0.68	0.566667
6440	0.72	0.566667
6450	0.65	0.561111
6460	0.6	0.566667
6470	0.65	0.566667
6480	0.71	0.566667
6490	0.57	0.561111
6500	0.69	0.561111
6510	0.63	0.566667
6520	0.66	0.566667
6530	0.64	0.566667
6540	0.65	0.561111
6550	0.64	0.566667
6560	0.71	0.566667
6570	0.68	0.566667
6580	0.69	0.566667
6590	0.61	0.566667
6600	0.6	0.566667
6610	0.68	0.566667
6620	0.64	0.572222
6630	0.7	0.572222
6640	0.75	0.572222
6650	0.63	0.566667
6660	0.59	0.572222
6670	0.7	0.572222
6680	0.55	0.577778
6690	0.62	0.577778
6700	0.73	0.577778
6710	0.7	0.577778
6720	0.7	0.577778
6730	0.69	0.583333
6740	0.6	0.583333
6750	0.77	0.583333
6760	0.72	0.583333
6770	0.68	0.583333
6780	0.61	0.583333
6790	0.61	0.577778
6800	0.62	0.583333
6810	0.59	0.583333
6820	0.63	0.583333
6830	0.72	0.583333
6840	0.66	0.588889
6850	0.67	0.588889
6860	0.67	0.594444
6870	0.66	0.594444
6880	0.63	0.588889
6890	0.68	0.588889
6900	0.68	0.594444
6910	0.7	0.594444
6920	0.7	0.588889
6930	0.71	0.588889
6940	0.68	0.588889
6950	0.65	0.588889
6960	0.58	0.588889
6970	0.69	0.588889
6980	0.71	0.588889
6990	0.62	0.588889
7000	0.65	0.588889
7010	0.58	0.588889
7020	0.67	0.588889
7030	0.67	0.588889
7040	0.64	0.588889
7050	0.7	0.588889
7060	0.66	0.588889
7070	0.66	0.588889
7080	0.72	0.577778
7090	0.66	0.577778
7100	0.67	0.577778
7110	0.6	0.577778
7120	0.65	0.577778
7130	0.61	0.577778
7140	0.65	0.577778
7150	0.57	0.577778
7160	0.63	0.577778
7170	0.72	0.577778
7180	0.73	0.577778
7190	0.75	0.577778
7200	0.68	0.577778
7210	0.65	0.577778
7220	0.76	0.577778
7230	0.71	0.577778
7240	0.7	0.577778
7250	0.73	0.577778
7260	0.73	0.577778
7270	0.61	0.577778
7280	0.68	0.577778
7290	0.71	0.577778
7300	0.73	0.577778
7310	0.72	0.577778
7320	0.63	0.577778
7330	0.69	0.577778
7340	0.69	0.577778
7350	0.76	0.577778
7360	0.65	0.577778
7370	0.66	0.577778
7380	0.63	0.572222
7390	0.68	0.566667
7400	0.66	0.566667
7410	0.68	0.566667
7420	0.61	0.566667
7430	0.66	0.572222
7440	0.69	0.572222
7450	0.68	0.572222
7460	0.76	0.572222
7470	0.6	0.572222
7480	0.63	0.572222
7490	0.72	0.572222
7500	0.58	0.577778
7510	0.53	0.577778
7520	0.7	0.577778
7530	0.66	0.577778
7540	0.7	0.577778
7550	0.65	0.577778
7560	0.73	0.577778
7570	0.69	0.577778
7580	0.73	0.577778
7590	0.68	0.577778
7600	0.61	0.577778
7610	0.69	0.577778
7620	0.63	0.577778
7630	0.68	0.577778
7640	0.66	0.577778
7650	0.68	0.577778
7660	0.65	0.577778
7670	0.64	0.577778
7680	0.68	0.577778
7690	0.74	0.577778
7700	0.64	0.577778
7710	0.63	0.577778
7720	0.65	0.577778
7730	0.61	0.577778
7740	0.67	0.577778
7750	0.7	0.577778
7760	0.62	0.577778
7770	0.75	0.577778
7780	0.68	0.577778
7790	0.66	0.577778
7800	0.72	0.577778
7810	0.67	0.583333
7820	0.62	0.583333
7830	0.63	0.583333
7840	0.69	0.588889
7850	0.66	0.6
7860	0.66	0.6
7870	0.6	0.6
7880	0.7	0.594444
7890	0.59	0.594444
7900	0.68	0.594444
7910	0.61	0.594444
7920	0.63	0.594444
7930	0.66	0.594444
7940	0.65	0.594444
7950	0.61	0.594444
7960	0.78	0.594444
7970	0.6	0.6
7980	0.71	0.6
7990	0.61	0.6
8000	0.68	0.594444
8010	0.64	0.594444
8020	0.59	0.594444
8030	0.65	0.6
8040	0.72	0.6
8050	0.61	0.594444
8060	0.69	0.594444
8070	0.71	0.594444
8080	0.72	0.594444
8090	0.59	0.594444
8100	0.72	0.594444
8110	0.72	0.594444
8120	0.63	0.594444
8130	0.65	0.594444
8140	0.63	0.594444
8150	0.68	0.594444
8160	0.55	0.594444
8170	0.69	0.594444
8180	0.61	0.6
8190	0.68	0.594444
8200	0.64	0.6
8210	0.68	0.594444
8220	0.64	0.6
8230	0.65	0.6
8240	0.67	0.6
8250	0.69	0.594444
8260	0.63	0.594444
8270	0.68	0.594444
8280	0.71	0.594444
8290	0.58	0.594444
8300	0.73	0.594444
8310	0.64	0.594444
8320	0.57	0.594444
8330	0.65	0.594444
8340	0.64	0.594444
8350	0.7	0.594444
8360	0.69	0.594444
8370	0.69	0.6
8380	0.62	0.594444
8390	0.63	0.594444
8400	0.75	0.594444
8410	0.7	0.588889
8420	0.79	0.588889
8430	0.68	0.588889
8440	0.62	0.594444
8450	0.63	0.594444
8460	0.63	0.594444
8470	0.68	0.6
8480	0.69	0.594444
8490	0.74	0.594444
8500	0.67	0.594444
8510	0.65	0.594444
8520	0.67	0.588889
8530	0.7	0.588889
8540	0.69	0.588889
8550	0.67	0.583333
8560	0.65	0.577778
8570	0.67	0.588889
8580	0.64	0.588889
8590	0.64	0.594444
8600	0.59	0.594444
8610	0.71	0.594444
8620	0.65	0.594444
8630	0.74	0.594444
8640	0.66	0.594444
8650	0.7	0.594444
8660	0.69	0.594444
8670	0.62	0.594444
8680	0.66	0.594444
8690	0.67	0.594444
8700	0.67	0.594444
8710	0.68	0.594444
8720	0.63	0.594444
8730	0.6	0.588889
8740	0.64	0.588889
8750	0.64	0.588889
8760	0.65	0.588889
8770	0.7	0.588889
8780	0.66	0.588889
8790	0.61	0.588889
8800	0.7	0.588889
8810	0.7	0.583333
8820	0.7	0.588889
8830	0.67	0.588889
8840	0.72	0.588889
8850	0.68	0.577778
8860	0.67	0.572222
8870	0.66	0.572222
8880	0.65	0.572222
8890	0.64	0.572222
8900	0.7	0.572222
8910	0.64	0.572222
8920	0.65	0.572222
8930	0.72	0.572222
8940	0.68	0.572222
8950	0.63	0.572222
8960	0.67	0.572222
8970	0.66	0.572222
8980	0.73	0.572222
8990	0.67	0.572222
9000	0.73	0.577778
9010	0.6	0.577778
9020	0.75	0.577778
9030	0.63	0.577778
9040	0.65	0.583333
9050	0.66	0.583333
9060	0.7	0.583333
9070	0.67	0.588889
9080	0.76	0.588889
9090	0.63	0.588889
9100	0.64	0.588889
9110	0.69	0.588889
9120	0.64	0.588889
9130	0.7	0.588889
9140	0.73	0.588889
9150	0.73	0.588889
9160	0.57	0.588889
9170	0.7	0.588889
9180	0.63	0.588889
9190	0.56	0.588889
9200	0.56	0.588889
9210	0.66	0.588889
9220	0.64	0.588889
9230	0.72	0.588889
9240	0.74	0.588889
9250	0.72	0.588889
9260	0.72	0.588889
9270	0.71	0.588889
9280	0.68	0.588889
9290	0.63	0.588889
9300	0.74	0.588889
9310	0.63	0.588889
9320	0.75	0.588889
9330	0.62	0.588889
9340	0.67	0.588889
9350	0.64	0.588889
9360	0.62	0.588889
9370	0.67	0.588889
9380	0.67	0.588889
9390	0.72	0.588889
9400	0.67	0.588889
9410	0.65	0.588889
9420	0.62	0.588889
9430	0.81	0.588889
9440	0.64	0.588889
9450	0.67	0.588889
9460	0.73	0.588889
9470	0.64	0.588889
9480	0.63	0.588889
9490	0.67	0.588889
9500	0.71	0.588889
9510	0.65	0.588889
9520	0.62	0.588889
9530	0.59	0.588889
9540	0.66	0.588889
9550	0.75	0.588889
9560	0.74	0.588889
9570	0.64	0.588889
9580	0.65	0.588889
9590	0.7	0.588889
9600	0.73	0.588889
9610	0.72	0.588889
9620	0.65	0.588889
9630	0.74	0.588889
9640	0.63	0.588889
9650	0.65	0.588889
9660	0.65	0.588889
9670	0.69	0.588889
9680	0.63	0.588889
9690	0.69	0.588889
9700	0.63	0.588889
9710	0.73	0.588889
9720	0.72	0.583333
9730	0.73	0.583333
9740	0.66	0.588889
9750	0.8	0.588889
9760	0.67	0.588889
9770	0.73	0.588889
9780	0.71	0.588889
9790	0.65	0.588889
9800	0.65	0.588889
9810	0.75	0.588889
9820	0.66	0.588889
9830	0.73	0.588889
9840	0.56	0.588889
9850	0.66	0.588889
9860	0.7	0.588889
9870	0.66	0.588889
9880	0.75	0.583333
9890	0.66	0.583333
9900	0.78	0.583333
9910	0.7	0.583333
9920	0.74	0.583333
9930	0.69	0.583333
9940	0.66	0.583333
9950	0.7	0.583333
9960	0.73	0.583333
9970	0.69	0.583333
9980	0.69	0.588889
9990	0.6	0.583333
10000	0.68	0.583333
10010	0.78	0.583333
10020	0.65	0.583333
10030	0.66	0.583333
10040	0.65	0.583333
10050	0.72	0.583333
10060	0.67	0.583333
10070	0.69	0.583333
10080	0.65	0.588889
10090	0.72	0.588889
10100	0.64	0.588889
10110	0.63	0.588889
10120	0.64	0.588889
10130	0.74	0.588889
10140	0.59	0.588889
10150	0.65	0.588889
10160	0.7	0.588889
10170	0.73	0.588889
10180	0.74	0.588889
10190	0.72	0.588889
10200	0.68	0.588889
10210	0.75	0.588889
10220	0.66	0.588889
10230	0.68	0.588889
10240	0.72	0.588889
10250	0.68	0.588889
10260	0.78	0.588889
10270	0.72	0.588889
10280	0.74	0.588889
10290	0.71	0.588889
10300	0.72	0.588889
10310	0.58	0.588889
10320	0.73	0.588889
10330	0.74	0.588889
10340	0.64	0.588889
10350	0.71	0.588889
10360	0.76	0.588889
10370	0.74	0.588889
10380	0.56	0.588889
10390	0.7	0.588889
10400	0.62	0.588889
10410	0.68	0.588889
10420	0.72	0.588889
10430	0.62	0.583333
10440	0.7	0.583333
10450	0.78	0.583333
10460	0.67	0.583333
10470	0.7	0.583333
10480	0.6	0.583333
10490	0.69	0.583333
10500	0.69	0.588889
10510	0.61	0.588889
10520	0.69	0.588889
10530	0.61	0.588889
10540	0.62	0.588889
10550	0.76	0.588889
10560	0.71	0.588889
10570	0.73	0.588889
10580	0.66	0.588889
10590	0.67	0.588889
10600	0.75	0.588889
10610	0.66	0.588889
10620	0.71	0.583333
10630	0.65	0.583333
10640	0.66	0.588889
10650	0.73	0.588889
10660	0.63	0.588889
10670	0.78	0.588889
10680	0.66	0.583333
10690	0.69	0.583333
10700	0.74	0.588889
10710	0.66	0.588889
10720	0.7	0.594444
10730	0.64	0.594444
10740	0.68	0.594444
10750	0.75	0.594444
10760	0.68	0.583333
10770	0.64	0.583333
10780	0.73	0.583333
10790	0.73	0.583333
10800	0.73	0.583333
10810	0.64	0.583333
10820	0.72	0.572222
10830	0.69	0.566667
10840	0.72	0.566667
10850	0.65	0.566667
10860	0.77	0.566667
10870	0.67	0.566667
10880	0.69	0.566667
10890	0.71	0.566667
10900	0.75	0.566667
10910	0.68	0.566667
10920	0.65	0.566667
10930	0.59	0.577778
10940	0.75	0.566667
10950	0.77	0.566667
10960	0.7	0.566667
10970	0.71	0.566667
10980	0.69	0.566667
10990	0.65	0.566667
11000	0.78	0.566667
11010	0.65	0.577778
11020	0.69	0.577778
11030	0.8	0.583333
11040	0.64	0.583333
11050	0.71	0.577778
11060	0.69	0.577778
11070	0.78	0.577778
11080	0.71	0.583333
11090	0.72	0.583333
11100	0.62	0.583333
11110	0.74	0.583333
11120	0.63	0.577778
11130	0.6	0.577778
11140	0.75	0.577778
11150	0.67	0.577778
11160	0.67	0.577778
11170	0.68	0.566667
11180	0.66	0.577778
11190	0.72	0.583333
11200	0.71	0.583333
11210	0.7	0.583333
11220	0.73	0.583333
11230	0.75	0.583333
11240	0.78	0.583333
11250	0.67	0.583333
11260	0.67	0.583333
11270	0.66	0.583333
11280	0.66	0.583333
11290	0.74	0.583333
11300	0.68	0.583333
11310	0.78	0.583333
11320	0.7	0.583333
11330	0.67	0.583333
11340	0.73	0.583333
11350	0.63	0.572222
11360	0.72	0.566667
11370	0.7	0.566667
11380	0.77	0.566667
11390	0.67	0.566667
11400	0.74	0.572222
11410	0.7	0.572222
11420	0.62	0.572222
11430	0.67	0.572222
11440	0.71	0.572222
11450	0.63	0.572222
11460	0.74	0.566667
11470	0.68	0.566667
11480	0.76	0.572222
11490	0.72	0.566667
11500	0.69	0.566667
11510	0.61	0.561111
11520	0.7	0.555556
11530	0.63	0.555556
11540	0.66	0.566667
11550	0.73	0.566667
11560	0.69	0.566667
11570	0.72	0.566667
11580	0.68	0.566667
11590	0.68	0.566667
11600	0.77	0.566667
11610	0.71	0.566667
11620	0.67	0.566667
11630	0.66	0.561111
11640	0.71	0.555556
11650	0.66	0.555556
11660	0.69	0.555556
11670	0.68	0.561111
11680	0.67	0.566667
11690	0.67	0.561111
11700	0.69	0.561111
11710	0.67	0.561111
11720	0.68	0.555556
11730	0.72	0.555556
11740	0.73	0.555556
11750	0.7	0.561111
11760	0.73	0.561111
11770	0.7	0.555556
11780	0.74	0.561111
11790	0.65	0.561111
11800	0.62	0.561111
11810	0.72	0.561111
11820	0.69	0.561111
11830	0.73	0.561111
11840	0.73	0.555556
11850	0.65	0.561111
11860	0.63	0.561111
11870	0.69	0.561111
11880	0.66	0.555556
11890	0.6	0.561111
11900	0.72	0.555556
11910	0.74	0.555556
11920	0.76	0.561111
11930	0.71	0.55
11940	0.74	0.55
11950	0.73	0.55
11960	0.71	0.55
11970	0.68	0.555556
11980	0.7	0.55
11990	0.65	0.55
12000	0.7	0.55
12010	0.67	0.55
12020	0.67	0.555556
12030	0.72	0.555556
12040	0.68	0.561111
12050	0.78	0.572222
12060	0.72	0.566667
12070	0.71	0.577778
12080	0.69	0.577778
12090	0.71	0.577778
12100	0.74	0.577778
12110	0.74	0.577778
12120	0.65	0.572222
12130	0.68	0.561111
12140	0.65	0.555556
12150	0.71	0.572222
12160	0.75	0.572222
12170	0.63	0.566667
12180	0.78	0.561111
12190	0.73	0.566667
12200	0.66	0.555556
12210	0.68	0.55
12220	0.68	0.555556
12230	0.7	0.583333
12240	0.72	0.588889
12250	0.73	0.583333
12260	0.74	0.6
12270	0.72	0.594444
12280	0.7	0.594444
12290	0.68	0.6
12300	0.68	0.6
12310	0.68	0.6
12320	0.71	0.594444
12330	0.7	0.594444
12340	0.63	0.588889
12350	0.74	0.583333
12360	0.64	0.583333
12370	0.62	0.583333
12380	0.74	0.583333
12390	0.57	0.588889
12400	0.75	0.588889
12410	0.73	0.588889
12420	0.76	0.588889
12430	0.69	0.577778
12440	0.75	0.583333
12450	0.75	0.583333
12460	0.69	0.583333
12470	0.69	0.577778
12480	0.75	0.583333
12490	0.67	0.583333
12500	0.73	0.583333
12510	0.71	0.583333
12520	0.65	0.583333
12530	0.71	0.6
12540	0.67	0.605556
12550	0.77	0.6
12560	0.84	0.6
12570	0.71	0.6
12580	0.73	0.6
12590	0.69	0.605556
12600	0.68	0.605556
12610	0.76	0.6
12620	0.65	0.6
12630	0.66	0.594444
12640	0.74	0.6
12650	0.69	0.6
12660	0.71	0.605556
12670	0.7	0.6
12680	0.66	0.594444
12690	0.68	0.6
12700	0.74	0.6
12710	0.73	0.594444
12720	0.68	0.594444
12730	0.74	0.6
12740	0.72	0.594444
12750	0.72	0.594444
12760	0.75	0.6
12770	0.68	0.594444
12780	0.74	0.594444
12790	0.69	0.594444
12800	0.72	0.594444
12810	0.67	0.588889
12820	0.63	0.588889
12830	0.61	0.583333
12840	0.75	0.588889
12850	0.76	0.594444
12860	0.6	0.6
12870	0.57	0.6
12880	0.67	0.6
12890	0.72	0.6
12900	0.72	0.6
12910	0.77	0.6
12920	0.75	0.605556
12930	0.72	0.605556
12940	0.74	0.605556
12950	0.65	0.605556
12960	0.67	0.605556
12970	0.67	0.605556
12980	0.7	0.605556
12990	0.66	0.605556
13000	0.68	0.605556
13010	0.75	0.6
13020	0.69	0.6
13030	0.69	0.6
13040	0.77	0.6
13050	0.75	0.6
13060	0.73	0.6
13070	0.72	0.6
13080	0.69	0.6
13090	0.74	0.6
13100	0.7	0.6
13110	0.75	0.6
13120	0.76	0.6
13130	0.7	0.611111
13140	0.61	0.605556
13150	0.76	0.605556
13160	0.65	0.605556
13170	0.7	0.605556
13180	0.74	0.6
13190	0.73	0.594444
13200	0.7	0.6
13210	0.67	0.605556
13220	0.7	0.6
13230	0.79	0.605556
13240	0.71	0.6
13250	0.75	0.6
13260	0.75	0.6
13270	0.71	0.605556
13280	0.72	0.6
13290	0.7	0.6
13300	0.75	0.588889
13310	0.76	0.583333
13320	0.79	0.583333
13330	0.65	0.583333
13340	0.64	0.572222
13350	0.72	0.572222
13360	0.74	0.566667
13370	0.66	0.572222
13380	0.71	0.566667
13390	0.7	0.572222
13400	0.7	0.572222
13410	0.7	0.572222
13420	0.75	0.572222
13430	0.73	0.577778
13440	0.65	0.583333
13450	0.65	0.577778
13460	0.6	0.577778
13470	0.71	0.583333
13480	0.73	0.583333
13490	0.78	0.583333
13500	0.72	0.577778
13510	0.7	0.572222
13520	0.72	0.572222
13530	0.72	0.572222
13540	0.68	0.572222
13550	0.69	0.572222
13560	0.67	0.572222
13570	0.78	0.572222
13580	0.71	0.572222
13590	0.74	0.572222
13600	0.67	0.577778
13610	0.68	0.577778
13620	0.77	0.577778
13630	0.69	0.588889
13640	0.68	0.594444
13650	0.74	0.594444
13660	0.71	0.594444
13670	0.77	0.594444
13680	0.73	0.594444
13690	0.74	0.594444
13700	0.67	0.594444
13710	0.69	0.594444
13720	0.76	0.588889
13730	0.71	0.583333
13740	0.67	0.583333
13750	0.72	0.583333
13760	0.66	0.583333
13770	0.73	0.577778
13780	0.64	0.577778
13790	0.68	0.577778
13800	0.77	0.572222
13810	0.62	0.572222
13820	0.67	0.572222
13830	0.68	0.572222
13840	0.72	0.572222
13850	0.68	0.572222
13860	0.72	0.572222
13870	0.75	0.572222
13880	0.74	0.572222
13890	0.7	0.572222
13900	0.64	0.577778
13910	0.71	0.572222
13920	0.64	0.572222
13930	0.77	0.572222
13940	0.71	0.572222
13950	0.66	0.572222
13960	0.7	0.572222
13970	0.78	0.588889
13980	0.69	0.588889
13990	0.74	0.583333
14000	0.68	0.583333
14010	0.71	0.577778
14020	0.77	0.583333
14030	0.65	0.583333
14040	0.72	0.583333
14050	0.64	0.583333
14060	0.59	0.594444
14070	0.75	0.588889
14080	0.76	0.583333
14090	0.69	0.583333
14100	0.7	0.583333
14110	0.71	0.583333
14120	0.74	0.583333
14130	0.69	0.583333
14140	0.72	0.583333
14150	0.74	0.583333
14160	0.71	0.583333
14170	0.71	0.588889
14180	0.64	0.588889
14190	0.67	0.588889
14200	0.71	0.588889
14210	0.7	0.588889
14220	0.66	0.572222
14230	0.67	0.577778
14240	0.7	0.572222
14250	0.72	0.572222
14260	0.75	0.572222
14270	0.8	0.577778
14280	0.71	0.577778
14290	0.68	0.577778
14300	0.78	0.572222
14310	0.72	0.572222
14320	0.7	0.572222
14330	0.71	0.572222
14340	0.73	0.572222
14350	0.65	0.572222
14360	0.78	0.572222
14370	0.69	0.577778
14380	0.72	0.577778
14390	0.65	0.577778
14400	0.69	0.577778
14410	0.65	0.577778
14420	0.78	0.577778
14430	0.7	0.577778
14440	0.7	0.577778
14450	0.68	0.577778
14460	0.7	0.577778
14470	0.73	0.577778
14480	0.65	0.577778
14490	0.68	0.577778
14500	0.72	0.577778
14510	0.75	0.577778
14520	0.72	0.577778
14530	0.65	0.577778
14540	0.72	0.577778
14550	0.75	0.577778
14560	0.69	0.577778
14570	0.68	0.577778
14580	0.7	0.577778
14590	0.67	0.577778
14600	0.78	0.577778
14610	0.67	0.577778
14620	0.74	0.577778
14630	0.65	0.577778
14640	0.75	0.577778
14650	0.7	0.577778
14660	0.65	0.577778
14670	0.7	0.577778
14680	0.67	0.577778
14690	0.63	0.577778
14700	0.65	0.577778
14710	0.73	0.577778
14720	0.75	0.577778
14730	0.67	0.577778
14740	0.73	0.577778
14750	0.76	0.577778
14760	0.69	0.577778
14770	0.7	0.577778
14780	0.64	0.577778
14790	0.75	0.577778
14800	0.64	0.577778
14810	0.76	0.577778
14820	0.7	0.577778
14830	0.68	0.577778
14840	0.69	0.577778
14850	0.69	0.583333
14860	0.67	0.577778
14870	0.76	0.577778
14880	0.63	0.577778
14890	0.68	0.583333
14900	0.69	0.583333
14910	0.77	0.583333
14920	0.82	0.583333
14930	0.76	0.583333
14940	0.73	0.583333
14950	0.66	0.583333
14960	0.71	0.583333
14970	0.72	0.577778
14980	0.65	0.577778
14990	0.75	0.577778
15000	0.67	0.583333
15010	0.69	0.583333
15020	0.73	0.583333
15030	0.68	0.577778
15040	0.68	0.577778
15050	0.67	0.577778
15060	0.76	0.588889
15070	0.77	0.583333
15080	0.67	0.583333
15090	0.72	0.583333
15100	0.69	0.583333
15110	0.82	0.583333
15120	0.73	0.577778
15130	0.69	0.583333
15140	0.71	0.583333
15150	0.74	0.577778
15160	0.77	0.583333
15170	0.72	0.583333
15180	0.82	0.583333
15190	0.74	0.583333
15200	0.72	0.577778
15210	0.73	0.577778
15220	0.68	0.583333
15230	0.75	0.583333
15240	0.68	0.577778
15250	0.72	0.577778
15260	0.71	0.577778
15270	0.68	0.577778
15280	0.77	0.577778
15290	0.75	0.577778
15300	0.68	0.572222
15310	0.71	0.577778
15320	0.66	0.577778
15330	0.63	0.577778
15340	0.73	0.583333
15350	0.68	0.583333
15360	0.76	0.583333
15370	0.74	0.583333
15380	0.73	0.583333
15390	0.71	0.583333
15400	0.69	0.583333
15410	0.69	0.583333
15420	0.76	0.583333
15430	0.69	0.588889
15440	0.75	0.588889
15450	0.67	0.588889
15460	0.65	0.583333
15470	0.67	0.583333
15480	0.74	0.583333
15490	0.66	0.583333
15500	0.78	0.577778
15510	0.58	0.577778
15520	0.73	0.577778
15530	0.69	0.583333
15540	0.67	0.583333
15550	0.71	0.583333
15560	0.8	0.583333
15570	0.63	0.583333
15580	0.72	0.583333
15590	0.7	0.583333
15600	0.67	0.588889
15610	0.77	0.588889
15620	0.69	0.583333
15630	0.78	0.588889
15640	0.73	0.588889
15650	0.8	0.583333
15660	0.72	0.583333
15670	0.73	0.583333
15680	0.74	0.583333
15690	0.71	0.583333
15700	0.71	0.588889
15710	0.74	0.588889
15720	0.7	0.588889
15730	0.74	0.588889
15740	0.68	0.583333
15750	0.75	0.583333
15760	0.7	0.583333
15770	0.67	0.583333
15780	0.64	0.583333
15790	0.74	0.583333
15800	0.74	0.583333
15810	0.7	0.583333
15820	0.68	0.583333
15830	0.71	0.583333
15840	0.73	0.583333
15850	0.69	0.583333
15860	0.67	0.583333
15870	0.71	0.583333
15880	0.66	0.583333
15890	0.75	0.583333
15900	0.69	0.583333
15910	0.7	0.583333
15920	0.74	0.583333
15930	0.71	0.583333
15940	0.7	0.583333
15950	0.67	0.588889
15960	0.69	0.583333
15970	0.71	0.583333
15980	0.69	0.583333
15990	0.77	0.583333
16000	0.7	0.583333
16010	0.68	0.583333
16020	0.71	0.583333
16030	0.73	0.583333
16040	0.77	0.588889
16050	0.7	0.583333
16060	0.66	0.583333
16070	0.66	0.583333
16080	0.76	0.583333
16090	0.72	0.583333
16100	0.67	0.583333
16110	0.74	0.583333
16120	0.7	0.583333
16130	0.64	0.583333
16140	0.77	0.577778
16150	0.73	0.588889
16160	0.74	0.588889
16170	0.72	0.588889
16180	0.71	0.588889
16190	0.78	0.588889
16200	0.69	0.588889
16210	0.63	0.583333
16220	0.69	0.583333
16230	0.74	0.588889
16240	0.69	0.588889
16250	0.75	0.588889
16260	0.68	0.588889
16270	0.75	0.583333
16280	0.7	0.594444
16290	0.76	0.594444
16300	0.74	0.588889
16310	0.68	0.588889
16320	0.69	0.588889
16330	0.76	0.588889
16340	0.7	0.588889
16350	0.7	0.583333
16360	0.68	0.583333
16370	0.7	0.583333
16380	0.64	0.583333
16390	0.67	0.588889
16400	0.8	0.588889
16410	0.62	0.588889
16420	0.7	0.594444
16430	0.73	0.594444
16440	0.6	0.588889
16450	0.78	0.588889
16460	0.68	0.588889
16470	0.69	0.583333
16480	0.7	0.583333
16490	0.7	0.583333
16500	0.8	0.583333
16510	0.69	0.577778
16520	0.68	0.583333
16530	0.68	0.583333
16540	0.68	0.583333
16550	0.81	0.583333
16560	0.74	0.583333
16570	0.71	0.583333
16580	0.65	0.583333
16590	0.77	0.583333
16600	0.77	0.583333
16610	0.69	0.583333
16620	0.77	0.583333
16630	0.65	0.588889
16640	0.73	0.588889
16650	0.72	0.588889
16660	0.66	0.588889
16670	0.82	0.588889
16680	0.72	0.583333
16690	0.63	0.588889
16700	0.75	0.588889
16710	0.73	0.588889
16720	0.67	0.594444
16730	0.73	0.594444
16740	0.73	0.594444
16750	0.7	0.594444
16760	0.7	0.594444
16770	0.68	0.594444
16780	0.67	0.594444
16790	0.7	0.594444
16800	0.71	0.594444
16810	0.67	0.594444
16820	0.68	0.594444
16830	0.77	0.594444
16840	0.77	0.594444
16850	0.72	0.588889
16860	0.67	0.588889
16870	0.66	0.588889
16880	0.77	0.583333
16890	0.71	0.588889
16900	0.79	0.588889
16910	0.7	0.588889
16920	0.74	0.594444
16930	0.73	0.6
16940	0.66	0.605556
16950	0.74	0.605556
16960	0.69	0.6
16970	0.75	0.6
16980	0.73	0.6
16990	0.76	0.6
17000	0.75	0.6
17010	0.69	0.594444
17020	0.72	0.588889
17030	0.67	0.594444
17040	0.61	0.594444
17050	0.76	0.588889
17060	0.71	0.588889
17070	0.75	0.588889
17080	0.67	0.588889
17090	0.72	0.588889
17100	0.67	0.594444
17110	0.75	0.6
17120	0.73	0.6
17130	0.74	0.6
17140	0.79	0.6
17150	0.71	0.6
17160	0.7	0.605556
17170	0.68	0.605556
17180	0.75	0.605556
17190	0.71	0.605556
17200	0.7	0.594444
17210	0.75	0.594444
17220	0.71	0.605556
17230	0.71	0.6
17240	0.8	0.6
17250	0.75	0.6
17260	0.78	0.594444
17270	0.73	0.594444
17280	0.79	0.594444
17290	0.75	0.594444
17300	0.67	0.594444
17310	0.68	0.6
17320	0.8	0.605556
17330	0.73	0.611111
17340	0.72	0.605556
17350	0.8	0.605556
17360	0.77	0.611111
17370	0.74	0.605556
17380	0.75	0.605556
17390	0.73	0.605556
17400	0.69	0.611111
17410	0.78	0.6
17420	0.73	0.594444
17430	0.72	0.594444
17440	0.74	0.594444
17450	0.74	0.594444
17460	0.7	0.594444
17470	0.77	0.594444
17480	0.69	0.594444
17490	0.78	0.594444
17500	0.76	0.594444
17510	0.74	0.594444
17520	0.69	0.594444
17530	0.73	0.594444
17540	0.73	0.594444
17550	0.79	0.594444
17560	0.69	0.594444
17570	0.67	0.6
17580	0.7	0.6
17590	0.76	0.594444
17600	0.78	0.594444
17610	0.73	0.594444
17620	0.71	0.594444
17630	0.7	0.6
17640	0.72	0.6
17650	0.76	0.594444
17660	0.67	0.594444
17670	0.7	0.594444
17680	0.69	0.605556
17690	0.72	0.611111
17700	0.72	0.611111
17710	0.72	0.611111
17720	0.73	0.611111
17730	0.75	0.611111
17740	0.77	0.611111
17750	0.83	0.594444
17760	0.67	0.594444
17770	0.77	0.6
17780	0.71	0.6
17790	0.7	0.6
17800	0.71	0.6
17810	0.77	0.6
17820	0.75	0.6
17830	0.75	0.594444
17840	0.77	0.6
17850	0.7	0.605556
17860	0.82	0.611111
17870	0.69	0.611111
17880	0.64	0.611111
17890	0.73	0.611111
17900	0.73	0.611111
17910	0.74	0.611111
17920	0.7	0.616667
17930	0.74	0.605556
17940	0.74	0.605556
17950	0.7	0.605556
17960	0.7	0.605556
17970	0.67	0.605556
17980	0.71	0.605556
17990	0.74	0.605556
18000	0.72	0.611111
18010	0.76	0.611111
18020	0.68	0.611111
18030	0.69	0.616667
18040	0.66	0.616667
18050	0.7	0.616667
18060	0.7	0.611111
18070	0.75	0.605556
18080	0.79	0.6
18090	0.76	0.594444
18100	0.7	0.6
18110	0.71	0.605556
18120	0.72	0.605556
18130	0.72	0.605556
18140	0.75	0.605556
18150	0.69	0.605556
18160	0.7	0.6
18170	0.72	0.594444
18180	0.68	0.594444
18190	0.75	0.594444
18200	0.72	0.594444
18210	0.77	0.6
18220	0.66	0.594444
18230	0.71	0.594444
18240	0.69	0.594444
18250	0.82	0.6
18260	0.72	0.6
18270	0.72	0.594444
18280	0.77	0.594444
18290	0.79	0.605556
18300	0.67	0.605556
18310	0.66	0.611111
18320	0.75	0.611111
18330	0.8	0.611111
18340	0.76	0.605556
18350	0.71	0.605556
18360	0.72	0.605556
18370	0.76	0.605556
18380	0.77	0.605556
18390	0.78	0.605556
18400	0.77	0.605556
18410	0.74	0.616667
18420	0.75	0.616667
18430	0.68	0.616667
18440	0.79	0.616667
18450	0.74	0.616667
18460	0.81	0.616667
18470	0.65	0.611111
18480	0.79	0.611111
18490	0.7	0.611111
18500	0.75	0.611111
18510	0.73	0.616667
18520	0.71	0.622222
18530	0.73	0.616667
18540	0.73	0.616667
18550	0.66	0.616667
18560	0.82	0.616667
18570	0.68	0.616667
18580	0.66	0.616667
18590	0.72	0.611111
18600	0.74	0.616667
18610	0.73	0.616667
18620	0.73	0.611111
18630	0.61	0.616667
18640	0.81	0.616667
18650	0.79	0.616667
18660	0.79	0.616667
18670	0.77	0.611111
18680	0.72	0.611111
18690	0.75	0.611111
18700	0.74	0.611111
18710	0.79	0.611111
18720	0.7	0.611111
18730	0.79	0.616667
18740	0.75	0.616667
18750	0.76	0.616667
18760	0.73	0.616667
18770	0.74	0.616667
18780	0.73	0.616667
18790	0.64	0.605556
18800	0.69	0.605556
18810	0.73	0.605556
18820	0.68	0.605556
18830	0.78	0.605556
18840	0.76	0.605556
18850	0.73	0.611111
18860	0.67	0.616667
18870	0.72	0.611111
18880	0.72	0.611111
18890	0.76	0.611111
18900	0.72	0.611111
18910	0.83	0.611111
18920	0.76	0.611111
18930	0.76	0.611111
18940	0.81	0.611111
18950	0.73	0.605556
18960	0.8	0.611111
18970	0.69	0.611111
18980	0.75	0.611111
18990	0.67	0.611111
19000	0.75	0.611111
19010	0.69	0.611111
19020	0.71	0.611111
19030	0.71	0.611111
19040	0.73	0.611111
19050	0.81	0.611111
19060	0.79	0.611111
19070	0.77	0.611111
19080	0.81	0.611111
19090	0.72	0.611111
19100	0.77	0.611111
19110	0.77	0.611111
19120	0.75	0.611111
19130	0.77	0.611111
19140	0.74	0.611111
19150	0.77	0.611111
19160	0.78	0.611111
19170	0.68	0.611111
19180	0.79	0.611111
19190	0.72	0.611111
19200	0.75	0.611111
19210	0.77	0.611111
19220	0.63	0.611111
19230	0.76	0.611111
19240	0.81	0.611111
19250	0.81	0.611111
19260	0.73	0.611111
19270	0.72	0.611111
19280	0.73	0.611111
19290	0.78	0.611111
19300	0.72	0.611111
19310	0.68	0.611111
19320	0.64	0.611111
19330	0.72	0.611111
19340	0.71	0.611111
19350	0.8	0.611111
19360	0.71	0.611111
19370	0.7	0.611111
19380	0.76	0.611111
19390	0.8	0.611111
19400	0.75	0.611111
19410	0.76	0.611111
19420	0.76	0.605556
19430	0.71	0.605556
19440	0.68	0.611111
19450	0.72	0.611111
19460	0.73	0.611111
19470	0.68	0.605556
19480	0.78	0.611111
19490	0.76	0.611111
19500	0.73	0.611111
19510	0.7	0.611111
19520	0.76	0.611111
19530	0.81	0.611111
19540	0.77	0.611111
19550	0.67	0.611111
19560	0.83	0.611111
19570	0.75	0.605556
19580	0.7	0.611111
19590	0.7	0.611111
19600	0.69	0.611111
19610	0.69	0.611111
19620	0.69	0.611111
19630	0.72	0.605556
19640	0.75	0.611111
19650	0.65	0.611111
19660	0.69	0.611111
19670	0.66	0.616667
19680	0.65	0.616667
19690	0.63	0.616667
19700	0.74	0.616667
19710	0.66	0.616667
19720	0.82	0.616667
19730	0.76	0.616667
19740	0.74	0.616667
19750	0.7	0.616667
19760	0.79	0.616667
19770	0.74	0.622222
19780	0.66	0.622222
19790	0.66	0.616667
19800	0.73	0.616667
19810	0.71	0.616667
19820	0.74	0.616667
19830	0.76	0.616667
19840	0.77	0.605556
19850	0.76	0.6
19860	0.71	0.6
19870	0.75	0.6
19880	0.71	0.6
19890	0.74	0.6
19900	0.71	0.6
19910	0.78	0.6
19920	0.74	0.6
19930	0.71	0.6
19940	0.75	0.6
19950	0.8	0.6
19960	0.83	0.605556
19970	0.78	0.605556
19980	0.69	0.611111
19990	0.74	0.611111
20000	0.71	0.611111
20010	0.75	0.611111
20020	0.78	0.611111
20030	0.71	0.616667
20040	0.75	0.611111
20050	0.68	0.611111
20060	0.69	0.611111
20070	0.72	0.611111
20080	0.69	0.611111
20090	0.74	0.611111
20100	0.7	0.611111
20110	0.67	0.611111
20120	0.78	0.6
20130	0.75	0.611111
20140	0.76	0.616667
20150	0.78	0.6
20160	0.72	0.6
20170	0.7	0.6
20180	0.7	0.6
20190	0.77	0.605556
20200	0.67	0.611111
20210	0.77	0.611111
20220	0.68	0.611111
20230	0.74	0.611111
20240	0.82	0.611111
20250	0.72	0.611111
20260	0.79	0.611111
20270	0.74	0.611111
20280	0.78	0.611111
20290	0.74	0.611111
20300	0.68	0.6
20310	0.76	0.6
20320	0.74	0.6
20330	0.76	0.6
20340	0.73	0.605556
20350	0.74	0.6
20360	0.8	0.6
20370	0.82	0.6
20380	0.75	0.6
20390	0.82	0.611111
20400	0.72	0.616667
20410	0.65	0.616667
20420	0.72	0.616667
20430	0.75	0.616667
20440	0.72	0.611111
20450	0.68	0.611111
20460	0.7	0.616667
20470	0.66	0.616667
20480	0.73	0.616667
20490	0.71	0.616667
20500	0.76	0.616667
20510	0.74	0.616667
20520	0.67	0.605556
20530	0.74	0.605556
20540	0.78	0.605556
20550	0.83	0.605556
20560	0.76	0.611111
20570	0.73	0.611111
20580	0.67	0.611111
20590	0.82	0.611111
20600	0.79	0.622222
20610	0.76	0.627778
20620	0.72	0.616667
20630	0.74	0.622222
20640	0.76	0.622222
20650	0.79	0.622222
20660	0.78	0.627778
20670	0.63	0.622222
20680	0.74	0.611111
20690	0.74	0.611111
20700	0.73	0.611111
20710	0.73	0.616667
20720	0.73	0.622222
20730	0.73	0.627778
20740	0.78	0.627778
20750	0.74	0.627778
20760	0.69	0.627778
20770	0.65	0.627778
20780	0.71	0.611111
20790	0.72	0.611111
20800	0.76	0.611111
20810	0.71	0.611111
20820	0.76	0.605556
20830	0.73	0.605556
20840	0.74	0.6
20850	0.7	0.6
20860	0.74	0.611111
20870	0.75	0.605556
20880	0.66	0.605556
20890	0.71	0.605556
20900	0.74	0.611111
20910	0.73	0.611111
20920	0.73	0.611111
20930	0.77	0.611111
20940	0.79	0.605556
20950	0.67	0.605556
20960	0.73	0.605556
20970	0.71	0.605556
20980	0.76	0.605556
20990	0.74	0.605556
21000	0.76	0.605556
21010	0.77	0.605556
21020	0.79	0.605556
21030	0.76	0.605556
21040	0.73	0.605556
21050	0.74	0.605556
21060	0.75	0.605556
21070	0.72	0.605556
21080	0.78	0.611111
21090	0.65	0.605556
21100	0.73	0.611111
21110	0.71	0.605556
21120	0.8	0.611111
21130	0.71	0.611111
21140	0.8	0.611111
21150	0.82	0.611111
21160	0.66	0.611111
21170	0.73	0.611111
21180	0.74	0.611111
21190	0.74	0.611111
21200	0.63	0.616667
21210	0.77	0.622222
21220	0.81	0.622222
21230	0.81	0.622222
21240	0.69	0.622222
21250	0.71	0.622222
21260	0.76	0.627778
21270	0.74	0.627778
21280	0.75	0.627778
21290	0.84	0.627778
21300	0.75	0.627778
21310	0.7	0.627778
21320	0.75	0.627778
21330	0.72	0.627778
21340	0.72	0.627778
21350	0.69	0.627778
21360	0.71	0.627778
21370	0.69	0.627778
21380	0.78	0.627778
21390	0.74	0.627778
21400	0.75	0.627778
21410	0.72	0.622222
21420	0.63	0.627778
21430	0.71	0.627778
21440	0.68	0.627778
21450	0.76	0.633333
21460	0.73	0.627778
21470	0.69	0.627778
21480	0.82	0.627778
21490	0.8	0.633333
21500	0.66	0.633333
21510	0.77	0.633333
21520	0.7	0.633333
21530	0.74	0.627778
21540	0.77	0.622222
21550	0.66	0.622222
21560	0.76	0.622222
21570	0.77	0.622222
21580	0.67	0.622222
21590	0.79	0.627778
21600	0.76	0.633333
21610	0.74	0.627778
21620	0.71	0.627778
21630	0.78	0.633333
21640	0.76	0.638889
21650	0.7	0.633333
21660	0.79	0.633333
21670	0.78	0.627778
21680	0.71	0.633333
21690	0.73	0.627778
21700	0.71	0.627778
21710	0.83	0.633333
21720	0.77	0.633333
21730	0.8	0.633333
21740	0.78	0.633333
21750	0.72	0.633333
21760	0.74	0.633333
21770	0.77	0.627778
21780	0.72	0.627778
21790	0.79	0.627778
21800	0.68	0.633333
21810	0.8	0.627778
21820	0.8	0.627778
21830	0.74	0.627778
21840	0.7	0.627778
21850	0.71	0.627778
21860	0.8	0.627778
21870	0.72	0.627778
21880	0.83	0.622222
21890	0.85	0.622222
21900	0.72	0.622222
21910	0.78	0.622222
21920	0.79	0.622222
21930	0.71	0.622222
21940	0.71	0.622222
21950	0.73	0.622222
21960	0.72	0.622222
21970	0.71	0.622222
21980	0.64	0.622222
21990	0.76	0.622222
22000	0.72	0.622222
22010	0.77	0.622222
22020	0.77	0.622222
22030	0.73	0.622222
22040	0.78	0.622222
22050	0.78	0.622222
22060	0.75	0.622222
22070	0.7	0.622222
22080	0.74	0.622222
22090	0.84	0.622222
22100	0.75	0.622222
22110	0.74	0.627778
22120	0.69	0.627778
22130	0.73	0.627778
22140	0.78	0.633333
22150	0.72	0.633333
22160	0.78	0.627778
22170	0.75	0.622222
22180	0.74	0.622222
22190	0.71	0.622222
22200	0.65	0.622222
22210	0.76	0.622222
22220	0.72	0.622222
22230	0.81	0.622222
22240	0.71	0.622222
22250	0.74	0.627778
22260	0.75	0.627778
22270	0.75	0.627778
22280	0.74	0.627778
22290	0.73	0.627778
22300	0.67	0.627778
22310	0.76	0.627778
22320	0.81	0.633333
22330	0.78	0.633333
22340	0.75	0.633333
22350	0.77	0.633333
22360	0.74	0.633333
22370	0.79	0.638889
22380	0.79	0.644444
22390	0.78	0.655556
22400	0.76	0.65
22410	0.8	0.655556
22420	0.77	0.655556
22430	0.69	0.65
22440	0.79	0.661111
22450	0.71	0.661111
22460	0.72	0.655556
22470	0.77	0.661111
22480	0.73	0.666667
22490	0.72	0.666667
22500	0.74	0.661111
22510	0.66	0.666667
22520	0.78	0.666667
22530	0.84	0.661111
22540	0.76	0.661111
22550	0.8	0.661111
22560	0.74	0.661111
22570	0.71	0.661111
22580	0.77	0.661111
22590	0.76	0.661111
22600	0.66	0.666667
22610	0.7	0.666667
22620	0.77	0.661111
22630	0.8	0.655556
22640	0.75	0.661111
22650	0.74	0.661111
22660	0.77	0.644444
22670	0.68	0.644444
22680	0.82	0.633333
22690	0.77	0.622222
22700	0.78	0.622222
22710	0.77	0.622222
22720	0.68	0.622222
22730	0.8	0.622222
22740	0.71	0.622222
22750	0.79	0.627778
22760	0.81	0.627778
22770	0.77	0.627778
22780	0.7	0.638889
22790	0.82	0.638889
22800	0.69	0.65
22810	0.77	0.65
22820	0.69	0.65
22830	0.67	0.633333
22840	0.75	0.633333
22850	0.72	0.633333
22860	0.81	0.633333
22870	0.77	0.627778
22880	0.75	0.627778
22890	0.74	0.627778
22900	0.71	0.627778
22910	0.76	0.627778
22920	0.76	0.622222
22930	0.71	0.627778
22940	0.71	0.627778
22950	0.78	0.627778
22960	0.7	0.627778
22970	0.71	0.627778
22980	0.72	0.627778
22990	0.77	0.627778
23000	0.74	0.627778
23010	0.76	0.638889
23020	0.8	0.638889
23030	0.69	0.627778
23040	0.78	0.627778
23050	0.74	0.627778
23060	0.69	0.627778
23070	0.76	0.622222
23080	0.72	0.622222
23090	0.75	0.622222
23100	0.69	0.622222
23110	0.8	0.627778
23120	0.81	0.627778
23130	0.74	0.633333
23140	0.73	0.633333
23150	0.75	0.633333
23160	0.71	0.633333
23170	0.75	0.627778
23180	0.72	0.627778
23190	0.74	0.638889
23200	0.75	0.633333
23210	0.76	0.633333
23220	0.72	0.633333
23230	0.75	0.633333
23240	0.75	0.633333
23250	0.76	0.627778
23260	0.85	0.627778
23270	0.68	0.622222
23280	0.8	0.622222
23290	0.81	0.622222
23300	0.74	0.622222
23310	0.82	0.622222
23320	0.77	0.627778
23330	0.78	0.622222
23340	0.7	0.622222
23350	0.79	0.627778
23360	0.71	0.627778
23370	0.74	0.627778
23380	0.75	0.627778
23390	0.74	0.622222
23400	0.76	0.622222
23410	0.76	0.627778
23420	0.66	0.627778
23430	0.8	0.638889
23440	0.71	0.633333
23450	0.73	0.633333
23460	0.67	0.627778
23470	0.79	0.627778
23480	0.69	0.627778
23490	0.7	0.638889
23500	0.81	0.633333
23510	0.67	0.633333
23520	0.72	0.627778
23530	0.74	0.622222
23540	0.71	0.622222
23550	0.75	0.622222
23560	0.75	0.622222
23570	0.74	0.622222
23580	0.71	0.622222
23590	0.74	0.627778
23600	0.76	0.627778
23610	0.74	0.627778
23620	0.7	0.627778
23630	0.79	0.627778
23640	0.77	0.622222
23650	0.74	0.622222
23660	0.76	0.622222
23670	0.81	0.622222
23680	0.77	0.622222
23690	0.76	0.622222
23700	0.69	0.622222
23710	0.78	0.622222
23720	0.78	0.622222
23730	0.74	0.622222
23740	0.78	0.622222
23750	0.74	0.622222
23760	0.7	0.622222
23770	0.75	0.622222
23780	0.81	0.622222
23790	0.86	0.622222
23800	0.76	0.622222
23810	0.76	0.622222
23820	0.77	0.622222
23830	0.72	0.622222
23840	0.71	0.622222
23850	0.71	0.622222
23860	0.82	0.622222
23870	0.79	0.627778
23880	0.72	0.633333
23890	0.77	0.633333
23900	0.75	0.633333
23910	0.76	0.633333
23920	0.66	0.633333
23930	0.75	0.633333
23940	0.81	0.638889
23950	0.74	0.638889
23960	0.79	0.638889
23970	0.75	0.638889
23980	0.69	0.633333
23990	0.71	0.633333
24000	0.81	0.627778
24010	0.67	0.627778
24020	0.71	0.627778
24030	0.81	0.627778
24040	0.76	0.633333
24050	0.77	0.633333
24060	0.78	0.633333
24070	0.77	0.633333
24080	0.72	0.633333
24090	0.82	0.638889
24100	0.72	0.638889
24110	0.7	0.65
24120	0.74	0.65
24130	0.74	0.661111
24140	0.73	0.65
24150	0.83	0.65
24160	0.66	0.65
24170	0.72	0.655556
24180	0.7	0.655556
24190	0.73	0.655556
24200	0.72	0.655556
24210	0.8	0.655556
24220	0.87	0.655556
24230	0.69	0.655556
24240	0.72	0.661111
24250	0.78	0.661111
24260	0.81	0.655556
24270	0.76	0.661111
24280	0.76	0.661111
24290	0.82	0.655556
24300	0.77	0.655556
24310	0.71	0.644444
24320	0.77	0.644444
24330	0.74	0.627778
24340	0.78	0.633333
24350	0.79	0.638889
24360	0.77	0.638889
24370	0.74	0.633333
24380	0.74	0.633333
24390	0.8	0.633333
24400	0.68	0.633333
24410	0.72	0.633333
24420	0.74	0.633333
24430	0.77	0.633333
24440	0.78	0.633333
24450	0.78	0.633333
24460	0.82	0.633333
24470	0.74	0.633333
24480	0.72	0.633333
24490	0.73	0.633333
24500	0.76	0.633333
24510	0.7	0.633333
24520	0.79	0.633333
24530	0.82	0.627778
24540	0.72	0.627778
24550	0.77	0.638889
24560	0.69	0.644444
24570	0.74	0.638889
24580	0.8	0.638889
24590	0.77	0.638889
24600	0.83	0.644444
24610	0.78	0.644444
24620	0.72	0.638889
24630	0.75	0.627778
24640	0.75	0.627778
24650	0.71	0.627778
24660	0.76	0.627778
24670	0.75	0.627778
24680	0.82	0.627778
24690	0.74	0.627778
24700	0.76	0.627778
24710	0.77	0.627778
24720	0.78	0.627778
24730	0.73	0.627778
24740	0.79	0.627778
24750	0.73	0.627778
24760	0.67	0.627778
24770	0.78	0.627778
24780	0.78	0.627778
24790	0.8	0.627778
24800	0.75	0.627778
24810	0.77	0.627778
24820	0.82	0.627778
24830	0.76	0.627778
24840	0.71	0.627778
24850	0.67	0.627778
24860	0.67	0.627778
24870	0.7	0.627778
24880	0.79	0.627778
24890	0.81	0.627778
24900	0.81	0.627778
24910	0.81	0.627778
24920	0.79	0.627778
24930	0.83	0.627778
24940	0.79	0.633333
24950	0.76	0.638889
24960	0.78	0.633333
24970	0.74	0.638889
24980	0.74	0.638889
24990	0.8	0.633333
25000	0.74	0.633333
25010	0.79	0.633333
25020	0.83	0.633333
25030	0.7	0.627778
25040	0.78	0.633333
25050	0.83	0.655556
25060	0.72	0.655556
25070	0.71	0.655556
25080	0.81	0.655556
25090	0.7	0.666667
25100	0.7	0.655556
25110	0.76	0.655556
25120	0.75	0.655556
25130	0.76	0.655556
25140	0.69	0.655556
25150	0.81	0.655556
25160	0.74	0.638889
25170	0.72	0.638889
25180	0.73	0.627778
25190	0.71	0.638889
25200	0.84	0.638889
25210	0.63	0.627778
25220	0.77	0.627778
25230	0.68	0.627778
25240	0.69	0.627778
25250	0.75	0.627778
25260	0.74	0.627778
25270	0.75	0.633333
25280	0.83	0.627778
25290	0.75	0.627778
25300	0.72	0.627778
25310	0.74	0.633333
25320	0.75	0.633333
25330	0.76	0.633333
25340	0.71	0.633333
25350	0.83	0.627778
25360	0.78	0.627778
25370	0.73	0.644444
25380	0.76	0.644444
25390	0.74	0.644444
25400	0.81	0.661111
25410	0.76	0.644444
25420	0.7	0.644444
25430	0.73	0.627778
25440	0.77	0.627778
25450	0.68	0.627778
25460	0.78	0.633333
25470	0.79	0.633333
25480	0.78	0.633333
25490	0.72	0.633333
25500	0.74	0.633333
25510	0.85	0.633333
25520	0.76	0.633333
25530	0.76	0.633333
25540	0.8	0.633333
25550	0.72	0.633333
25560	0.71	0.633333
25570	0.76	0.633333
25580	0.75	0.633333
25590	0.76	0.633333
25600	0.81	0.633333
25610	0.79	0.633333
25620	0.72	0.633333
25630	0.8	0.638889
25640	0.83	0.655556
25650	0.8	0.633333
25660	0.71	0.633333
25670	0.79	0.627778
25680	0.75	0.627778
25690	0.75	0.627778
25700	0.74	0.633333
25710	0.76	0.633333
25720	0.77	0.633333
25730	0.76	0.627778
25740	0.76	0.655556
25750	0.78	0.655556
25760	0.81	0.666667
25770	0.77	0.666667
25780	0.74	0.666667
25790	0.82	0.666667
25800	0.8	0.666667
25810	0.74	0.666667
25820	0.74	0.666667
25830	0.77	0.666667
25840	0.67	0.666667
25850	0.71	0.666667
25860	0.8	0.661111
25870	0.83	0.666667
25880	0.72	0.666667
25890	0.81	0.666667
25900	0.76	0.666667
25910	0.7	0.666667
25920	0.75	0.666667
25930	0.64	0.666667
25940	0.75	0.666667
25950	0.74	0.666667
25960	0.79	0.666667
25970	0.73	0.666667
25980	0.8	0.666667
25990	0.81	0.666667
26000	0.79	0.666667
26010	0.74	0.666667
26020	0.84	0.666667
26030	0.75	0.666667
26040	0.72	0.666667
26050	0.82	0.666667
26060	0.8	0.666667
26070	0.76	0.666667
26080	0.75	0.666667
26090	0.74	0.666667
26100	0.79	0.666667
26110	0.79	0.666667
26120	0.76	0.666667
26130	0.74	0.666667
26140	0.8	0.661111
26150	0.72	0.661111
26160	0.77	0.661111
26170	0.76	0.666667
26180	0.74	0.666667
26190	0.67	0.666667
26200	0.81	0.666667
26210	0.77	0.666667
26220	0.73	0.666667
26230	0.77	0.672222
26240	0.73	0.666667
26250	0.72	0.666667
26260	0.78	0.672222
26270	0.69	0.672222
26280	0.71	0.666667
26290	0.75	0.666667
26300	0.73	0.666667
26310	0.83	0.666667
26320	0.77	0.666667
26330	0.77	0.666667
26340	0.78	0.666667
26350	0.71	0.666667
26360	0.7	0.666667
26370	0.77	0.666667
26380	0.78	0.666667
26390	0.83	0.666667
26400	0.72	0.666667
26410	0.77	0.666667
26420	0.71	0.666667
26430	0.72	0.666667
26440	0.75	0.672222
26450	0.75	0.672222
26460	0.81	0.666667
26470	0.8	0.666667
26480	0.73	0.666667
26490	0.73	0.672222
26500	0.83	0.672222
26510	0.79	0.672222
26520	0.79	0.672222
26530	0.75	0.672222
26540	0.77	0.672222
26550	0.78	0.672222
26560	0.8	0.672222
26570	0.77	0.672222
26580	0.72	0.672222
26590	0.8	0.672222
26600	0.84	0.672222
26610	0.7	0.672222
26620	0.75	0.672222
26630	0.72	0.672222
26640	0.72	0.666667
26650	0.83	0.666667
26660	0.75	0.666667
26670	0.85	0.666667
26680	0.79	0.666667
26690	0.73	0.666667
26700	0.7	0.666667
26710	0.75	0.666667
26720	0.75	0.666667
26730	0.71	0.666667
26740	0.79	0.666667
26750	0.76	0.666667
26760	0.78	0.666667
26770	0.83	0.666667
26780	0.79	0.666667
26790	0.79	0.666667
26800	0.77	0.666667
26810	0.74	0.666667
26820	0.76	0.666667
26830	0.78	0.666667
26840	0.77	0.666667
26850	0.76	0.666667
26860	0.81	0.666667
26870	0.76	0.666667
26880	0.73	0.666667
26890	0.7	0.666667
26900	0.76	0.666667
26910	0.81	0.666667
26920	0.75	0.666667
26930	0.79	0.666667
26940	0.77	0.666667
26950	0.78	0.672222
26960	0.77	0.672222
26970	0.75	0.672222
26980	0.81	0.666667
26990	0.77	0.672222
27000	0.79	0.672222
27010	0.73	0.672222
27020	0.78	0.672222
27030	0.8	0.672222
27040	0.7	0.672222
27050	0.79	0.672222
27060	0.8	0.666667
27070	0.74	0.666667
27080	0.69	0.672222
27090	0.79	0.666667
27100	0.8	0.677778
27110	0.7	0.666667
27120	0.69	0.666667
27130	0.68	0.666667
27140	0.71	0.672222
27150	0.84	0.672222
27160	0.73	0.672222
27170	0.81	0.672222
27180	0.78	0.672222
27190	0.74	0.672222
27200	0.8	0.666667
27210	0.76	0.666667
27220	0.84	0.666667
27230	0.76	0.666667
27240	0.78	0.672222
27250	0.79	0.666667
27260	0.81	0.666667
27270	0.75	0.666667
27280	0.78	0.672222
27290	0.8	0.666667
27300	0.72	0.666667
27310	0.79	0.672222
27320	0.77	0.672222
27330	0.72	0.672222
27340	0.71	0.672222
27350	0.81	0.672222
27360	0.79	0.666667
27370	0.8	0.666667
27380	0.76	0.666667
27390	0.79	0.672222
27400	0.78	0.672222
27410	0.79	0.672222
27420	0.73	0.672222
27430	0.81	0.672222
27440	0.79	0.672222
27450	0.78	0.672222
27460	0.81	0.672222
27470	0.8	0.672222
27480	0.83	0.672222
27490	0.87	0.672222
27500	0.8	0.672222
27510	0.79	0.672222
27520	0.79	0.672222
27530	0.78	0.666667
27540	0.8	0.672222
27550	0.82	0.672222
27560	0.77	0.672222
27570	0.75	0.672222
27580	0.7	0.677778
27590	0.74	0.672222
27600	0.83	0.672222
27610	0.8	0.672222
27620	0.79	0.672222
27630	0.77	0.672222
27640	0.82	0.672222
27650	0.81	0.672222
27660	0.75	0.672222
27670	0.76	0.666667
27680	0.72	0.666667
27690	0.71	0.666667
27700	0.79	0.672222
27710	0.74	0.677778
27720	0.73	0.677778
27730	0.7	0.666667
27740	0.75	0.666667
27750	0.81	0.672222
27760	0.72	0.677778
27770	0.78	0.672222
27780	0.82	0.672222
27790	0.71	0.672222
27800	0.8	0.677778
27810	0.83	0.677778
27820	0.77	0.666667
27830	0.68	0.666667
27840	0.76	0.666667
27850	0.77	0.666667
27860	0.81	0.655556
27870	0.77	0.666667
27880	0.81	0.666667
27890	0.8	0.666667
27900	0.71	0.666667
27910	0.78	0.666667
27920	0.83	0.666667
27930	0.8	0.666667
27940	0.79	0.666667
27950	0.8	0.666667
27960	0.75	0.666667
27970	0.83	0.666667
27980	0.8	0.666667
27990	0.76	0.666667
28000	0.77	0.666667
28010	0.73	0.666667
28020	0.76	0.666667
28030	0.78	0.672222
28040	0.8	0.666667
28050	0.8	0.666667
28060	0.75	0.672222
28070	0.79	0.666667
28080	0.74	0.666667
28090	0.69	0.666667
28100	0.82	0.666667
28110	0.81	0.666667
28120	0.82	0.666667
28130	0.77	0.666667
28140	0.82	0.666667
28150	0.86	0.666667
28160	0.77	0.666667
28170	0.71	0.666667
28180	0.81	0.666667
28190	0.83	0.666667
28200	0.78	0.666667
28210	0.85	0.666667
28220	0.79	0.661111
28230	0.84	0.661111
28240	0.85	0.666667
28250	0.76	0.666667
28260	0.78	0.666667
28270	0.82	0.666667
28280	0.8	0.666667
28290	0.79	0.666667
28300	0.81	0.666667
28310	0.81	0.666667
28320	0.76	0.666667
28330	0.79	0.666667
28340	0.85	0.666667
28350	0.75	0.666667
28360	0.76	0.666667
28370	0.77	0.661111
28380	0.76	0.661111
28390	0.79	0.661111
28400	0.74	0.666667
28410	0.79	0.666667
28420	0.78	0.661111
28430	0.75	0.666667
28440	0.73	0.666667
28450	0.82	0.666667
28460	0.79	0.666667
28470	0.8	0.666667
28480	0.78	0.666667
28490	0.87	0.672222
28500	0.78	0.677778
28510	0.71	0.672222
28520	0.8	0.677778
28530	0.81	0.677778
28540	0.74	0.677778
28550	0.78	0.672222
28560	0.86	0.672222
28570	0.78	0.677778
28580	0.78	0.672222
28590	0.76	0.677778
28600	0.79	0.672222
28610	0.72	0.672222
28620	0.69	0.677778
28630	0.83	0.677778
28640	0.8	0.677778
28650	0.81	0.683333
28660	0.79	0.683333
28670	0.78	0.677778
28680	0.74	0.677778
28690	0.81	0.677778
28700	0.71	0.677778
28710	0.78	0.672222
28720	0.75	0.672222
28730	0.74	0.677778
28740	0.83	0.672222
28750	0.77	0.672222
28760	0.84	0.672222
28770	0.7	0.677778
28780	0.75	0.672222
28790	0.72	0.672222
28800	0.75	0.672222
28810	0.79	0.672222
28820	0.8	0.672222
28830	0.72	0.672222
28840	0.79	0.672222
28850	0.74	0.672222
28860	0.74	0.677778
28870	0.78	0.683333
28880	0.76	0.683333
28890	0.72	0.683333
28900	0.83	0.677778
28910	0.81	0.672222
28920	0.83	0.677778
28930	0.76	0.677778
28940	0.8	0.677778
28950	0.78	0.677778
28960	0.77	0.672222
28970	0.8	0.672222
28980	0.78	0.672222
28990	0.71	0.672222
29000	0.77	0.672222
29010	0.88	0.672222
29020	0.72	0.666667
29030	0.77	0.672222
29040	0.8	0.672222
29050	0.78	0.672222
29060	0.81	0.672222
29070	0.69	0.672222
29080	0.78	0.672222
29090	0.79	0.666667
29100	0.82	0.666667
29110	0.81	0.672222
29120	0.75	0.683333
29130	0.77	0.683333
29140	0.71	0.683333
29150	0.83	0.672222
29160	0.81	0.672222
29170	0.78	0.672222
29180	0.77	0.672222
29190	0.84	0.672222
29200	0.73	0.677778
29210	0.79	0.683333
29220	0.79	0.677778
29230	0.74	0.672222
29240	0.83	0.672222
29250	0.78	0.672222
29260	0.71	0.666667
29270	0.78	0.672222
29280	0.68	0.666667
29290	0.81	0.666667
29300	0.75	0.672222
29310	0.75	0.672222
29320	0.79	0.666667
29330	0.75	0.666667
29340	0.78	0.666667
29350	0.84	0.666667
29360	0.79	0.666667
29370	0.75	0.666667
29380	0.75	0.666667
29390	0.83	0.666667
29400	0.8	0.666667
29410	0.83	0.672222
29420	0.79	0.672222
29430	0.76	0.666667
29440	0.79	0.672222
29450	0.83	0.672222
29460	0.77	0.666667
29470	0.85	0.666667
29480	0.75	0.661111
29490	0.8	0.666667
29500	0.8	0.666667
29510	0.68	0.666667
29520	0.76	0.666667
29530	0.81	0.666667
29540	0.77	0.666667
29550	0.78	0.672222
29560	0.75	0.672222
29570	0.79	0.666667
29580	0.8	0.666667
29590	0.77	0.666667
29600	0.79	0.672222
29610	0.77	0.672222
29620	0.73	0.672222
29630	0.76	0.672222
29640	0.79	0.666667
29650	0.76	0.666667
29660	0.78	0.666667
29670	0.8	0.666667
29680	0.8	0.666667
29690	0.77	0.672222
29700	0.79	0.672222
29710	0.82	0.677778
29720	0.84	0.677778
29730	0.8	0.672222
29740	0.82	0.672222
29750	0.8	0.672222
29760	0.78	0.677778
29770	0.73	0.672222
29780	0.77	0.677778
29790	0.76	0.683333
29800	0.86	0.683333
29810	0.8	0.683333
29820	0.74	0.683333
29830	0.75	0.683333
29840	0.75	0.683333
29850	0.8	0.683333
29860	0.76	0.677778
29870	0.83	0.677778
29880	0.8	0.677778
29890	0.79	0.677778
29900	0.8	0.683333
29910	0.79	0.683333
29920	0.82	0.677778
29930	0.81	0.677778
29940	0.79	0.677778
29950	0.68	0.672222
29960	0.8	0.677778
29970	0.77	0.677778
29980	0.81	0.677778
29990	0.85	0.677778
30000	0.77	0.683333
30010	0.78	0.683333
30020	0.81	0.683333
30030	0.73	0.688889
30040	0.8	0.683333
30050	0.75	0.683333
30060	0.76	0.683333
30070	0.71	0.683333
30080	0.73	0.677778
30090	0.88	0.677778
30100	0.76	0.677778
30110	0.81	0.677778
30120	0.81	0.677778
30130	0.78	0.677778
30140	0.74	0.677778
30150	0.8	0.677778
30160	0.83	0.677778
30170	0.84	0.677778
30180	0.7	0.677778
30190	0.81	0.677778
30200	0.79	0.677778
30210	0.82	0.677778
30220	0.74	0.683333
30230	0.8	0.683333
30240	0.76	0.683333
30250	0.74	0.677778
30260	0.77	0.677778
30270	0.76	0.677778
30280	0.8	0.683333
30290	0.86	0.677778
30300	0.78	0.677778
30310	0.78	0.677778
30320	0.82	0.677778
30330	0.8	0.677778
30340	0.75	0.677778
30350	0.76	0.683333
30360	0.75	0.688889
30370	0.75	0.688889
30380	0.76	0.688889
30390	0.75	0.688889
30400	0.83	0.688889
30410	0.76	0.683333
30420	0.88	0.688889
30430	0.8	0.688889
30440	0.8	0.683333
30450	0.77	0.688889
30460	0.78	0.688889
30470	0.76	0.688889
30480	0.77	0.688889
30490	0.73	0.683333
30500	0.8	0.683333
30510	0.77	0.683333
30520	0.82	0.688889
30530	0.85	0.683333
30540	0.82	0.683333
30550	0.76	0.688889
30560	0.79	0.688889
30570	0.83	0.683333
30580	0.77	0.688889
30590	0.76	0.688889
30600	0.8	0.683333
30610	0.85	0.677778
30620	0.82	0.677778
30630	0.75	0.677778
30640	0.77	0.677778
30650	0.8	0.677778
30660	0.72	0.683333
30670	0.84	0.683333
30680	0.74	0.683333
30690	0.79	0.683333
30700	0.83	0.677778
30710	0.78	0.677778
30720	0.8	0.677778
30730	0.81	0.677778
30740	0.75	0.683333
30750	0.85	0.677778
30760	0.78	0.683333
30770	0.8	0.683333
30780	0.78	0.683333
30790	0.82	0.683333
30800	0.79	0.683333
30810	0.81	0.683333
30820	0.81	0.683333
30830	0.72	0.677778
30840	0.82	0.677778
30850	0.77	0.683333
30860	0.77	0.683333
30870	0.82	0.683333
30880	0.81	0.683333
30890	0.81	0.683333
30900	0.8	0.683333
30910	0.75	0.683333
30920	0.8	0.683333
30930	0.79	0.683333
30940	0.8	0.683333
30950	0.76	0.683333
30960	0.83	0.683333
30970	0.81	0.688889
30980	0.72	0.688889
30990	0.8	0.688889
31000	0.84	0.688889
31010	0.77	0.688889
31020	0.8	0.694444
31030	0.81	0.683333
31040	0.72	0.677778
31050	0.83	0.683333
31060	0.79	0.688889
31070	0.81	0.688889
31080	0.75	0.688889
31090	0.79	0.688889
31100	0.76	0.683333
31110	0.76	0.677778
31120	0.8	0.677778
31130	0.77	0.672222
31140	0.69	0.672222
31150	0.78	0.672222
31160	0.84	0.672222
31170	0.79	0.672222
31180	0.81	0.672222
31190	0.74	0.672222
31200	0.75	0.672222
31210	0.85	0.672222
31220	0.78	0.672222
31230	0.73	0.666667
31240	0.85	0.661111
31250	0.69	0.661111
31260	0.77	0.661111
31270	0.81	0.661111
31280	0.84	0.661111
31290	0.76	0.661111
31300	0.81	0.661111
31310	0.8	0.666667
31320	0.78	0.661111
31330	0.83	0.661111
31340	0.84	0.661111
31350	0.78	0.666667
31360	0.71	0.672222
31370	0.83	0.672222
31380	0.84	0.672222
31390	0.82	0.672222
31400	0.87	0.677778
31410	0.83	0.677778
31420	0.8	0.672222
31430	0.73	0.677778
31440	0.83	0.677778
31450	0.84	0.677778
31460	0.79	0.677778
31470	0.78	0.677778
31480	0.79	0.677778
31490	0.77	0.677778
31500	0.74	0.677778
31510	0.74	0.677778
31520	0.79	0.672222
31530	0.82	0.666667
31540	0.84	0.666667
31550	0.78	0.661111
31560	0.77	0.661111
31570	0.79	0.661111
31580	0.83	0.655556
31590	0.87	0.655556
31600	0.78	0.655556
31610	0.86	0.661111
31620	0.78	0.661111
31630	0.76	0.661111
31640	0.87	0.661111
31650	0.79	0.661111
31660	0.78	0.661111
31670	0.82	0.661111
31680	0.79	0.661111
31690	0.8	0.661111
31700	0.79	0.661111
31710	0.76	0.661111
31720	0.77	0.661111
31730	0.79	0.666667
31740	0.83	0.666667
31750	0.77	0.661111
31760	0.74	0.666667
31770	0.75	0.666667
31780	0.77	0.672222
31790	0.81	0.666667
31800	0.79	0.672222
31810	0.76	0.677778
31820	0.79	0.677778
31830	0.76	0.677778
31840	0.81	0.672222
31850	0.83	0.677778
31860	0.86	0.677778
31870	0.78	0.677778
31880	0.7	0.677778
31890	0.84	0.661111
31900	0.75	0.661111
31910	0.79	0.661111
31920	0.81	0.661111
31930	0.86	0.666667
31940	0.81	0.666667
31950	0.74	0.661111
31960	0.75	0.661111
31970	0.77	0.666667
31980	0.8	0.672222
31990	0.73	0.677778
32000	0.8	0.677778
32010	0.82	0.677778
32020	0.82	0.688889
32030	0.81	0.688889
32040	0.75	0.688889
32050	0.7	0.688889
32060	0.8	0.688889
32070	0.73	0.688889
32080	0.84	0.683333
32090	0.84	0.683333
32100	0.73	0.677778
32110	0.82	0.666667
32120	0.76	0.661111
32130	0.8	0.661111
32140	0.8	0.666667
32150	0.78	0.666667
32160	0.77	0.666667
32170	0.78	0.661111
32180	0.84	0.666667
32190	0.85	0.666667
32200	0.82	0.661111
32210	0.75	0.661111
32220	0.78	0.661111
32230	0.79	0.661111
32240	0.74	0.666667
32250	0.76	0.677778
32260	0.84	0.683333
32270	0.78	0.688889
32280	0.8	0.688889
32290	0.82	0.688889
32300	0.79	0.688889
32310	0.86	0.688889
32320	0.84	0.688889
32330	0.83	0.7
32340	0.78	0.7
32350	0.8	0.7
32360	0.78	0.694444
32370	0.82	0.694444
32380	0.8	0.694444
32390	0.84	0.694444
32400	0.81	0.7
32410	0.68	0.7
32420	0.83	0.7
32430	0.83	0.7
32440	0.8	0.688889
32450	0.79	0.672222
32460	0.84	0.666667
32470	0.78	0.666667
32480	0.79	0.666667
32490	0.83	0.666667
32500	0.8	0.666667
32510	0.77	0.666667
32520	0.86	0.666667
32530	0.78	0.666667
32540	0.79	0.666667
32550	0.84	0.672222
32560	0.81	0.694444
32570	0.9	0.7
32580	0.82	0.677778
32590	0.84	0.666667
32600	0.81	0.666667
32610	0.87	0.666667
32620	0.8	0.666667
32630	0.8	0.666667
32640	0.75	0.666667
32650	0.79	0.672222
32660	0.81	0.672222
32670	0.79	0.677778
32680	0.8	0.672222
32690	0.82	0.677778
32700	0.82	0.677778
32710	0.79	0.672222
32720	0.83	0.672222
32730	0.82	0.672222
32740	0.82	0.677778
32750	0.83	0.683333
32760	0.84	0.683333
32770	0.8	0.683333
32780	0.8	0.688889
32790	0.81	0.677778
32800	0.79	0.677778
32810	0.82	0.677778
32820	0.78	0.677778
32830	0.81	0.677778
32840	0.82	0.672222
32850	0.84	0.672222
32860	0.79	0.683333
32870	0.77	0.683333
32880	0.86	0.683333
32890	0.83	0.672222
32900	0.75	0.672222
32910	0.82	0.683333
32920	0.85	0.683333
32930	0.81	0.683333
32940	0.83	0.683333
32950	0.75	0.683333
32960	0.73	0.683333
32970	0.76	0.672222
32980	0.78	0.672222
32990	0.78	0.672222
33000	0.76	0.672222
33010	0.78	0.672222
33020	0.78	0.672222
33030	0.8	0.672222
33040	0.82	0.672222
33050	0.81	0.672222
33060	0.83	0.672222
33070	0.86	0.672222
33080	0.76	0.672222
33090	0.78	0.672222
33100	0.82	0.683333
33110	0.87	0.683333
33120	0.78	0.672222
33130	0.83	0.683333
33140	0.8	0.683333
33150	0.77	0.683333
33160	0.83	0.683333
33170	0.76	0.683333
33180	0.75	0.683333
33190	0.79	0.683333
33200	0.75	0.683333
33210	0.81	0.683333
33220	0.82	0.683333
33230	0.78	0.683333
33240	0.88	0.683333
33250	0.75	0.683333
33260	0.88	0.683333
33270	0.81	0.683333
33280	0.86	0.683333
33290	0.87	0.683333
33300	0.69	0.683333
33310	0.77	0.683333
33320	0.82	0.683333
33330	0.76	0.683333
33340	0.73	0.683333
33350	0.82	0.683333
33360	0.82	0.683333
33370	0.79	0.683333
33380	0.87	0.683333
33390	0.82	0.683333
33400	0.73	0.683333
33410	0.79	0.683333
33420	0.77	0.683333
33430	0.76	0.683333
33440	0.8	0.683333
33450	0.89	0.683333
33460	0.83	0.683333
33470	0.77	0.683333
33480	0.8	0.683333
33490	0.86	0.683333
33500	0.82	0.683333
33510	0.8	0.683333
33520	0.8	0.683333
33530	0.8	0.683333
33540	0.8	0.683333
33550	0.71	0.683333
33560	0.77	0.683333
33570	0.78	0.683333
33580	0.79	0.683333
33590	0.82	0.683333
33600	0.78	0.683333
33610	0.73	0.683333
33620	0.79	0.683333
33630	0.83	0.683333
33640	0.83	0.683333
33650	0.83	0.683333
33660	0.81	0.683333
33670	0.85	0.683333
33680	0.82	0.677778
33690	0.81	0.683333
33700	0.77	0.683333
33710	0.77	0.683333
33720	0.86	0.683333
33730	0.83	0.683333
33740	0.76	0.683333
33750	0.79	0.683333
33760	0.82	0.683333
33770	0.81	0.683333
33780	0.8	0.683333
33790	0.76	0.683333
33800	0.84	0.683333
33810	0.79	0.683333
33820	0.78	0.683333
33830	0.85	0.683333
33840	0.82	0.683333
33850	0.78	0.683333
33860	0.84	0.683333
33870	0.76	0.683333
33880	0.78	0.683333
33890	0.81	0.683333
33900	0.82	0.683333
33910	0.75	0.683333
33920	0.79	0.683333
33930	0.76	0.683333
33940	0.77	0.683333
33950	0.81	0.683333
33960	0.88	0.683333
33970	0.82	0.677778
33980	0.8	0.677778
33990	0.84	0.677778
34000	0.8	0.672222
34010	0.84	0.677778
34020	0.8	0.683333
34030	0.82	0.683333
34040	0.8	0.683333
34050	0.8	0.688889
34060	0.82	0.688889
34070	0.79	0.688889
34080	0.91	0.688889
34090	0.85	0.688889
34100	0.84	0.688889
34110	0.7	0.688889
34120	0.82	0.688889
34130	0.84	0.688889
34140	0.86	0.688889
34150	0.76	0.688889
34160	0.78	0.688889
34170	0.85	0.688889
34180	0.81	0.683333
34190	0.81	0.683333
34200	0.8	0.672222
34210	0.86	0.672222
34220	0.82	0.672222
34230	0.81	0.672222
34240	0.76	0.672222
34250	0.88	0.672222
34260	0.82	0.677778
34270	0.8	0.672222
34280	0.83	0.672222
34290	0.81	0.672222
34300	0.79	0.672222
34310	0.81	0.672222
34320	0.78	0.672222
34330	0.8	0.672222
34340	0.85	0.672222
34350	0.86	0.672222
34360	0.79	0.672222
34370	0.89	0.672222
34380	0.85	0.683333
34390	0.82	0.683333
34400	0.84	0.683333
34410	0.88	0.677778
34420	0.86	0.683333
34430	0.84	0.677778
34440	0.86	0.677778
34450	0.77	0.677778
34460	0.79	0.677778
34470	0.79	0.677778
34480	0.86	0.677778
34490	0.8	0.677778
34500	0.82	0.683333
34510	0.76	0.683333
34520	0.77	0.677778
34530	0.82	0.677778
34540	0.76	0.677778
34550	0.83	0.677778
34560	0.71	0.677778
34570	0.81	0.677778
34580	0.79	0.683333
34590	0.84	0.683333
34600	0.84	0.683333
34610	0.84	0.683333
34620	0.78	0.683333
34630	0.73	0.683333
34640	0.88	0.683333
34650	0.89	0.683333
34660	0.8	0.677778
34670	0.82	0.677778
34680	0.84	0.672222
34690	0.88	0.677778
34700	0.84	0.677778
34710	0.79	0.677778
34720	0.81	0.672222
34730	0.82	0.683333
34740	0.79	0.683333
34750	0.81	0.683333
34760	0.8	0.683333
34770	0.79	0.683333
34780	0.86	0.683333
34790	0.89	0.683333
34800	0.75	0.683333
34810	0.81	0.683333
34820	0.82	0.683333
34830	0.84	0.683333
34840	0.74	0.677778
34850	0.8	0.672222
34860	0.88	0.677778
34870	0.79	0.677778
34880	0.79	0.677778
34890	0.83	0.677778
34900	0.86	0.677778
34910	0.86	0.677778
34920	0.91	0.677778
34930	0.77	0.677778
34940	0.81	0.677778
34950	0.82	0.677778
34960	0.8	0.683333
34970	0.89	0.683333
34980	0.85	0.683333
34990	0.84	0.683333
35000	0.73	0.683333
35010	0.77	0.683333
35020	0.83	0.683333
35030	0.83	0.677778
35040	0.83	0.672222
35050	0.79	0.672222
35060	0.86	0.672222
35070	0.91	0.677778
35080	0.85	0.677778
35090	0.77	0.683333
35100	0.8	0.683333
35110	0.77	0.677778
35120	0.85	0.677778
35130	0.84	0.677778
35140	0.81	0.677778
35150	0.79	0.677778
35160	0.74	0.677778
35170	0.85	0.672222
35180	0.83	0.672222
35190	0.81	0.672222
35200	0.85	0.672222
35210	0.84	0.666667
35220	0.8	0.672222
35230	0.83	0.672222
35240	0.8	0.672222
35250	0.83	0.672222
35260	0.83	0.672222
35270	0.86	0.672222
35280	0.86	0.672222
35290	0.81	0.672222
35300	0.87	0.672222
35310	0.77	0.672222
35320	0.81	0.672222
35330	0.85	0.672222
35340	0.8	0.672222
35350	0.88	0.672222
35360	0.86	0.672222
35370	0.79	0.672222
35380	0.8	0.677778
35390	0.82	0.677778
35400	0.85	0.677778
35410	0.75	0.677778
35420	0.77	0.677778
35430	0.84	0.677778
35440	0.78	0.677778
35450	0.84	0.677778
35460	0.78	0.677778
35470	0.78	0.677778
35480	0.86	0.677778
35490	0.83	0.677778
35500	0.85	0.677778
35510	0.8	0.677778
35520	0.81	0.677778
35530	0.82	0.677778
35540	0.74	0.677778
35550	0.81	0.677778
35560	0.86	0.677778
35570	0.79	0.677778
35580	0.79	0.677778
35590	0.78	0.677778
35600	0.85	0.677778
35610	0.86	0.677778
35620	0.77	0.677778
35630	0.79	0.677778
35640	0.8	0.677778
35650	0.84	0.677778
35660	0.89	0.677778
35670	0.85	0.677778
35680	0.79	0.677778
35690	0.85	0.677778
35700	0.84	0.677778
35710	0.83	0.677778
35720	0.85	0.677778
35730	0.82	0.672222
35740	0.89	0.672222
35750	0.87	0.672222
35760	0.77	0.672222
35770	0.79	0.672222
35780	0.86	0.672222
35790	0.85	0.672222
35800	0.83	0.672222
35810	0.8	0.672222
35820	0.85	0.672222
35830	0.81	0.672222
35840	0.81	0.672222
35850	0.81	0.677778
35860	0.83	0.677778
35870	0.78	0.677778
35880	0.79	0.672222
35890	0.88	0.677778
35900	0.76	0.677778
35910	0.81	0.677778
35920	0.91	0.677778
35930	0.85	0.677778
35940	0.87	0.677778
35950	0.83	0.677778
35960	0.75	0.677778
35970	0.79	0.677778
35980	0.84	0.677778
35990	0.85	0.677778
36000	0.86	0.672222
36010	0.81	0.672222
36020	0.8	0.672222
36030	0.83	0.672222
36040	0.82	0.672222
36050	0.85	0.672222
36060	0.8	0.672222
36070	0.83	0.672222
36080	0.82	0.672222
36090	0.83	0.672222
36100	0.81	0.672222
36110	0.79	0.672222
36120	0.83	0.672222
36130	0.82	0.672222
36140	0.81	0.672222
36150	0.83	0.672222
36160	0.83	0.672222
36170	0.84	0.672222
36180	0.79	0.672222
36190	0.81	0.672222
36200	0.81	0.677778
36210	0.82	0.677778
36220	0.81	0.677778
36230	0.79	0.677778
36240	0.8	0.672222
36250	0.82	0.672222
36260	0.82	0.672222
36270	0.78	0.672222
36280	0.86	0.666667
36290	0.8	0.672222
36300	0.86	0.672222
36310	0.87	0.666667
36320	0.8	0.666667
36330	0.73	0.666667
36340	0.8	0.666667
36350	0.8	0.672222
36360	0.85	0.666667
36370	0.8	0.666667
36380	0.83	0.672222
36390	0.88	0.666667
36400	0.82	0.672222
36410	0.78	0.672222
36420	0.82	0.672222
36430	0.83	0.672222
36440	0.84	0.672222
36450	0.83	0.672222
36460	0.75	0.677778
36470	0.81	0.677778
36480	0.81	0.672222
36490	0.74	0.672222
36500	0.84	0.672222
36510	0.8	0.677778
36520	0.83	0.672222
36530	0.85	0.672222
36540	0.8	0.672222
36550	0.82	0.672222
36560	0.73	0.672222
36570	0.86	0.672222
36580	0.82	0.672222
36590	0.87	0.672222
36600	0.9	0.672222
36610	0.82	0.672222
36620	0.78	0.672222
36630	0.83	0.672222
36640	0.83	0.672222
36650	0.83	0.672222
36660	0.83	0.672222
36670	0.82	0.672222
36680	0.86	0.672222
36690	0.81	0.672222
36700	0.84	0.672222
36710	0.79	0.672222
36720	0.83	0.672222
36730	0.81	0.672222
36740	0.86	0.672222
36750	0.79	0.672222
36760	0.81	0.672222
36770	0.85	0.672222
36780	0.79	0.672222
36790	0.85	0.672222
36800	0.79	0.672222
36810	0.81	0.672222
36820	0.81	0.672222
36830	0.85	0.672222
36840	0.8	0.672222
36850	0.9	0.672222
36860	0.9	0.677778
36870	0.82	0.677778
36880	0.81	0.677778
36890	0.84	0.677778
36900	0.75	0.677778
36910	0.83	0.672222
36920	0.88	0.672222
36930	0.84	0.672222
36940	0.84	0.672222
36950	0.73	0.677778
36960	0.83	0.677778
36970	0.8	0.677778
36980	0.75	0.672222
36990	0.82	0.672222
37000	0.89	0.672222
37010	0.8	0.672222
37020	0.89	0.677778
37030	0.86	0.677778
37040	0.84	0.672222
37050	0.81	0.672222
37060	0.78	0.672222
37070	0.79	0.672222
37080	0.82	0.672222
37090	0.84	0.672222
37100	0.78	0.672222
37110	0.81	0.672222
37120	0.86	0.672222
37130	0.87	0.683333
37140	0.83	0.683333
37150	0.84	0.683333
37160	0.85	0.683333
37170	0.85	0.677778
37180	0.89	0.672222
37190	0.76	0.672222
37200	0.86	0.672222
37210	0.79	0.672222
37220	0.86	0.672222
37230	0.83	0.672222
37240	0.82	0.672222
37250	0.83	0.672222
37260	0.81	0.672222
37270	0.77	0.672222
37280	0.78	0.677778
37290	0.84	0.688889
37300	0.82	0.694444
37310	0.83	0.694444
37320	0.86	0.694444
37330	0.77	0.688889
37340	0.86	0.683333
37350	0.8	0.677778
37360	0.87	0.677778
37370	0.84	0.677778
37380	0.81	0.677778
37390	0.81	0.677778
37400	0.81	0.683333
37410	0.85	0.683333
37420	0.77	0.694444
37430	0.86	0.694444
37440	0.83	0.694444
37450	0.88	0.694444
37460	0.85	0.694444
37470	0.86	0.694444
37480	0.86	0.7
37490	0.84	0.7
37500	0.78	0.694444
37510	0.87	0.688889
37520	0.83	0.688889
37530	0.89	0.688889
37540	0.81	0.688889
37550	0.8	0.688889
37560	0.81	0.688889
37570	0.78	0.688889
37580	0.82	0.683333
37590	0.83	0.677778
37600	0.82	0.672222
37610	0.81	0.672222
37620	0.85	0.672222
37630	0.8	0.677778
37640	0.82	0.683333
37650	0.88	0.688889
37660	0.83	0.688889
37670	0.82	0.688889
37680	0.88	0.688889
37690	0.86	0.688889
37700	0.84	0.688889
37710	0.87	0.688889
37720	0.86	0.688889
37730	0.9	0.688889
37740	0.83	0.688889
37750	0.93	0.683333
37760	0.84	0.677778
37770	0.79	0.677778
37780	0.8	0.677778
37790	0.84	0.677778
37800	0.81	0.677778
37810	0.9	0.677778
37820	0.77	0.677778
37830	0.87	0.677778
37840	0.85	0.677778
37850	0.81	0.677778
37860	0.81	0.677778
37870	0.88	0.677778
37880	0.84	0.677778
37890	0.86	0.672222
37900	0.85	0.677778
37910	0.89	0.677778
37920	0.87	0.683333
37930	0.84	0.688889
37940	0.78	0.688889
37950	0.86	0.688889
37960	0.83	0.677778
37970	0.78	0.677778
37980	0.77	0.677778
37990	0.81	0.688889
38000	0.88	0.688889
38010	0.85	0.688889
38020	0.81	0.688889
38030	0.75	0.688889
38040	0.84	0.688889
38050	0.75	0.683333
38060	0.81	0.677778
38070	0.87	0.677778
38080	0.8	0.677778
38090	0.8	0.677778
38100	0.76	0.677778
38110	0.83	0.677778
38120	0.82	0.677778
38130	0.82	0.677778
38140	0.87	0.677778
38150	0.82	0.672222
38160	0.86	0.672222
38170	0.77	0.677778
38180	0.85	0.677778
38190	0.84	0.677778
38200	0.85	0.672222
38210	0.81	0.672222
38220	0.82	0.672222
38230	0.85	0.672222
38240	0.84	0.672222
38250	0.84	0.672222
38260	0.82	0.672222
38270	0.85	0.672222
38280	0.78	0.677778
38290	0.81	0.672222
38300	0.84	0.672222
38310	0.82	0.672222
38320	0.8	0.672222
38330	0.83	0.672222
38340	0.87	0.672222
38350	0.84	0.672222
38360	0.87	0.672222
38370	0.83	0.672222
38380	0.81	0.672222
38390	0.83	0.672222
38400	0.8	0.672222
38410	0.91	0.672222
38420	0.86	0.677778
38430	0.74	0.677778
38440	0.81	0.677778
38450	0.8	0.677778
38460	0.81	0.677778
38470	0.83	0.677778
38480	0.88	0.677778
38490	0.79	0.677778
38500	0.84	0.677778
38510	0.86	0.677778
38520	0.8	0.677778
38530	0.81	0.672222
38540	0.87	0.672222
38550	0.78	0.672222
38560	0.82	0.672222
38570	0.83	0.672222
38580	0.82	0.672222
38590	0.82	0.672222
38600	0.79	0.672222
38610	0.81	0.672222
38620	0.82	0.677778
38630	0.82	0.672222
38640	0.84	0.672222
38650	0.84	0.672222
38660	0.87	0.672222
38670	0.79	0.672222
38680	0.84	0.672222
38690	0.88	0.672222
38700	0.89	0.672222
38710	0.85	0.672222
38720	0.82	0.672222
38730	0.85	0.672222
38740	0.81	0.672222
38750	0.77	0.672222
38760	0.84	0.672222
38770	0.77	0.672222
38780	0.8	0.672222
38790	0.88	0.672222
38800	0.87	0.677778
38810	0.78	0.677778
38820	0.78	0.677778
38830	0.87	0.677778
38840	0.84	0.677778
38850	0.77	0.672222
38860	0.86	0.672222
38870	0.82	0.672222
38880	0.87	0.672222
38890	0.88	0.672222
38900	0.89	0.677778
38910	0.78	0.677778
38920	0.8	0.677778
38930	0.86	0.677778
38940	0.82	0.677778
38950	0.88	0.677778
38960	0.8	0.677778
38970	0.82	0.672222
38980	0.88	0.672222
38990	0.88	0.672222
39000	0.87	0.672222
39010	0.87	0.672222
39020	0.81	0.672222
39030	0.82	0.672222
39040	0.83	0.672222
39050	0.85	0.672222
39060	0.79	0.672222
39070	0.85	0.672222
39080	0.83	0.672222
39090	0.85	0.677778
39100	0.87	0.677778
39110	0.83	0.672222
39120	0.86	0.672222
39130	0.85	0.672222
39140	0.8	0.672222
39150	0.8	0.672222
39160	0.86	0.677778
39170	0.84	0.677778
39180	0.84	0.677778
39190	0.8	0.677778
39200	0.83	0.672222
39210	0.78	0.672222
39220	0.84	0.672222
39230	0.83	0.672222
39240	0.84	0.672222
39250	0.85	0.672222
39260	0.88	0.672222
39270	0.85	0.672222
39280	0.79	0.672222
39290	0.84	0.672222
39300	0.85	0.672222
39310	0.83	0.672222
39320	0.8	0.672222
39330	0.8	0.672222
39340	0.83	0.672222
39350	0.86	0.672222
39360	0.78	0.672222
39370	0.88	0.672222
39380	0.82	0.672222
39390	0.83	0.672222
39400	0.85	0.672222
39410	0.89	0.672222
39420	0.91	0.683333
39430	0.8	0.683333
39440	0.81	0.683333
39450	0.88	0.688889
39460	0.83	0.688889
39470	0.82	0.694444
39480	0.81	0.688889
39490	0.81	0.688889
39500	0.81	0.688889
39510	0.76	0.688889
39520	0.91	0.688889
39530	0.82	0.688889
39540	0.86	0.694444
39550	0.85	0.7
39560	0.84	0.7
39570	0.85	0.694444
39580	0.83	0.7
39590	0.8	0.7
39600	0.82	0.7
39610	0.87	0.7
39620	0.81	0.7
39630	0.86	0.7
39640	0.85	0.7
39650	0.85	0.7
39660	0.74	0.7
39670	0.87	0.7
39680	0.88	0.7
39690	0.85	0.694444
39700	0.88	0.694444
39710	0.81	0.688889
39720	0.9	0.688889
39730	0.84	0.688889
39740	0.85	0.688889
39750	0.9	0.683333
39760	0.85	0.683333
39770	0.8	0.683333
39780	0.8	0.688889
39790	0.8	0.688889
39800	0.88	0.688889
39810	0.86	0.688889
39820	0.86	0.688889
39830	0.87	0.683333
39840	0.88	0.677778
39850	0.88	0.677778
39860	0.83	0.677778
39870	0.78	0.677778
39880	0.79	0.683333
39890	0.83	0.688889
39900	0.8	0.683333
39910	0.75	0.683333
39920	0.77	0.688889
39930	0.88	0.694444
39940	0.82	0.694444
39950	0.78	0.694444
39960	0.81	0.688889
39970	0.83	0.683333
39980	0.81	0.688889
39990	0.86	0.688889
40000	0.86	0.688889
40010	0.85	0.694444
40020	0.9	0.688889
40030	0.84	0.688889
40040	0.85	0.688889
40050	0.76	0.688889
40060	0.79	0.683333
40070	0.86	0.688889
40080	0.86	0.688889
40090	0.83	0.688889
40100	0.8	0.688889
40110	0.86	0.694444
40120	0.81	0.694444
40130	0.81	0.688889
40140	0.83	0.688889
40150	0.85	0.688889
40160	0.85	0.688889
40170	0.81	0.688889
40180	0.84	0.694444
40190	0.79	0.688889
40200	0.89	0.688889
40210	0.85	0.688889
40220	0.79	0.694444
40230	0.86	0.694444
40240	0.82	0.694444
40250	0.85	0.688889
40260	0.87	0.683333
40270	0.85	0.683333
40280	0.83	0.683333
40290	0.83	0.683333
40300	0.84	0.683333
40310	0.84	0.677778
40320	0.82	0.677778
40330	0.83	0.677778
40340	0.85	0.672222
40350	0.94	0.672222
40360	0.8	0.672222
40370	0.86	0.672222
40380	0.78	0.677778
40390	0.86	0.677778
40400	0.83	0.677778
40410	0.77	0.677778
40420	0.73	0.677778
40430	0.76	0.677778
40440	0.89	0.677778
40450	0.77	0.677778
40460	0.76	0.677778
40470	0.79	0.672222
40480	0.9	0.672222
40490	0.86	0.672222
40500	0.84	0.672222
40510	0.82	0.672222
40520	0.9	0.672222
40530	0.87	0.683333
40540	0.79	0.683333
40550	0.83	0.683333
40560	0.77	0.683333
40570	0.79	0.683333
40580	0.81	0.683333
40590	0.87	0.688889
40600	0.78	0.688889
40610	0.85	0.688889
40620	0.83	0.688889
40630	0.81	0.683333
40640	0.82	0.688889
40650	0.82	0.688889
40660	0.82	0.688889
40670	0.84	0.688889
40680	0.85	0.688889
40690	0.84	0.688889
40700	0.84	0.694444
40710	0.82	0.694444
40720	0.9	0.694444
40730	0.73	0.694444
40740	0.87	0.694444
40750	0.82	0.694444
40760	0.8	0.694444
40770	0.87	0.694444
40780	0.81	0.688889
40790	0.8	0.688889
40800	0.87	0.688889
40810	0.86	0.688889
40820	0.8	0.683333
40830	0.89	0.683333
40840	0.85	0.688889
40850	0.77	0.683333
40860	0.86	0.683333
40870	0.78	0.683333
40880	0.86	0.683333
40890	0.87	0.683333
40900	0.8	0.683333
40910	0.81	0.683333
40920	0.84	0.683333
40930	0.86	0.683333
40940	0.83	0.683333
40950	0.89	0.683333
40960	0.81	0.683333
40970	0.82	0.683333
40980	0.82	0.683333
40990	0.87	0.683333
41000	0.83	0.683333
41010	0.87	0.683333
41020	0.81	0.688889
41030	0.79	0.688889
41040	0.85	0.688889
41050	0.86	0.688889
41060	0.86	0.683333
41070	0.81	0.683333
41080	0.83	0.683333
41090	0.87	0.683333
41100	0.82	0.683333
41110	0.89	0.683333
41120	0.89	0.683333
41130	0.82	0.683333
41140	0.87	0.683333
41150	0.85	0.683333
41160	0.81	0.677778
41170	0.82	0.683333
41180	0.84	0.683333
41190	0.79	0.683333
41200	0.87	0.683333
41210	0.82	0.683333
41220	0.83	0.683333
41230	0.85	0.683333
41240	0.84	0.683333
41250	0.86	0.683333
41260	0.9	0.683333
41270	0.85	0.683333
41280	0.81	0.683333
41290	0.9	0.683333
41300	0.86	0.688889
41310	0.84	0.683333
41320	0.86	0.683333
41330	0.88	0.688889
41340	0.83	0.688889
41350	0.85	0.688889
41360	0.93	0.694444
41370	0.79	0.688889
41380	0.83	0.688889
41390	0.85	0.688889
41400	0.82	0.688889
41410	0.83	0.688889
41420	0.88	0.688889
41430	0.86	0.683333
41440	0.84	0.683333
41450	0.82	0.688889
41460	0.85	0.688889
41470	0.84	0.688889
41480	0.89	0.688889
41490	0.83	0.688889
41500	0.88	0.688889
41510	0.83	0.694444
41520	0.9	0.694444
41530	0.84	0.688889
41540	0.79	0.688889
41550	0.84	0.688889
41560	0.84	0.688889
41570	0.84	0.688889
41580	0.84	0.683333
41590	0.87	0.688889
41600	0.87	0.683333
41610	0.86	0.683333
41620	0.82	0.683333
41630	0.82	0.683333
41640	0.83	0.683333
41650	0.8	0.683333
41660	0.84	0.683333
41670	0.8	0.683333
41680	0.78	0.683333
41690	0.78	0.683333
41700	0.84	0.683333
41710	0.82	0.683333
41720	0.86	0.683333
41730	0.86	0.688889
41740	0.82	0.688889
41750	0.83	0.683333
41760	0.81	0.683333
41770	0.91	0.683333
41780	0.88	0.683333
41790	0.83	0.688889
41800	0.82	0.688889
41810	0.8	0.694444
41820	0.81	0.694444
41830	0.82	0.683333
41840	0.83	0.683333
41850	0.87	0.683333
41860	0.84	0.683333
41870	0.91	0.683333
41880	0.93	0.683333
41890	0.8	0.683333
41900	0.86	0.683333
41910	0.86	0.683333
41920	0.87	0.683333
41930	0.82	0.683333
41940	0.81	0.683333
41950	0.84	0.683333
41960	0.82	0.683333
41970	0.89	0.683333
41980	0.82	0.683333
41990	0.87	0.683333
42000	0.86	0.683333
42010	0.81	0.683333
42020	0.79	0.683333
42030	0.87	0.683333
42040	0.81	0.677778
42050	0.85	0.683333
42060	0.86	0.683333
42070	0.86	0.683333
42080	0.87	0.683333
42090	0.9	0.683333
42100	0.88	0.683333
42110	0.82	0.683333
42120	0.89	0.683333
42130	0.86	0.683333
42140	0.91	0.688889
42150	0.81	0.688889
42160	0.81	0.705556
42170	0.78	0.7
42180	0.85	0.7
42190	0.86	0.705556
42200	0.89	0.705556
42210	0.85	0.705556
42220	0.86	0.705556
42230	0.85	0.705556
42240	0.88	0.705556
42250	0.85	0.705556
42260	0.87	0.705556
42270	0.89	0.705556
42280	0.84	0.7
42290	0.86	0.705556
42300	0.88	0.705556
42310	0.8	0.7
42320	0.88	0.7
42330	0.86	0.7
42340	0.83	0.7
42350	0.78	0.7
42360	0.86	0.7
42370	0.85	0.7
42380	0.86	0.705556
42390	0.85	0.7
42400	0.94	0.7
42410	0.88	0.7
42420	0.88	0.7
42430	0.81	0.7
42440	0.83	0.705556
42450	0.81	0.705556
42460	0.85	0.705556
42470	0.87	0.705556
42480	0.89	0.705556
42490	0.85	0.705556
42500	0.84	0.705556
42510	0.82	0.705556
42520	0.84	0.705556
42530	0.86	0.705556
42540	0.88	0.705556
42550	0.83	0.705556
42560	0.86	0.7
42570	0.85	0.694444
42580	0.91	0.694444
42590	0.83	0.694444
42600	0.8	0.694444
42610	0.79	0.694444
42620	0.87	0.694444
42630	0.82	0.7
42640	0.81	0.694444
42650	0.92	0.694444
42660	0.84	0.694444
42670	0.85	0.683333
42680	0.87	0.683333
42690	0.79	0.683333
42700	0.77	0.688889
42710	0.85	0.688889
42720	0.83	0.683333
42730	0.88	0.683333
42740	0.84	0.683333
42750	0.81	0.683333
42760	0.83	0.683333
42770	0.8	0.683333
42780	0.84	0.688889
42790	0.84	0.683333
42800	0.83	0.683333
42810	0.82	0.694444
42820	0.83	0.694444
42830	0.83	0.694444
42840	0.89	0.694444
42850	0.87	0.688889
42860	0.79	0.688889
42870	0.85	0.688889
42880	0.83	0.688889
42890	0.84	0.688889
42900	0.9	0.683333
42910	0.84	0.683333
42920	0.8	0.688889
42930	0.87	0.688889
42940	0.81	0.688889
42950	0.85	0.688889
42960	0.82	0.688889
42970	0.76	0.688889
42980	0.87	0.688889
42990	0.87	0.688889
43000	0.86	0.688889
43010	0.85	0.688889
43020	0.88	0.688889
43030	0.86	0.688889
43040	0.85	0.688889
43050	0.87	0.694444
43060	0.9	0.688889
43070	0.87	0.688889
43080	0.86	0.688889
43090	0.85	0.694444
43100	0.85	0.688889
43110	0.9	0.688889
43120	0.84	0.688889
43130	0.87	0.688889
43140	0.86	0.688889
43150	0.89	0.688889
43160	0.81	0.688889
43170	0.81	0.694444
43180	0.87	0.694444
43190	0.84	0.694444
43200	0.86	0.694444
43210	0.88	0.694444
43220	0.89	0.7
43230	0.87	0.7
43240	0.86	0.7
43250	0.89	0.705556
43260	0.85	0.705556
43270	0.83	0.705556
43280	0.77	0.705556
43290	0.85	0.7
43300	0.83	0.7
43310	0.88	0.7
43320	0.87	0.7
43330	0.91	0.7
43340	0.85	0.7
43350	0.85	0.7
43360	0.79	0.7
43370	0.88	0.7
43380	0.84	0.7
43390	0.82	0.7
43400	0.84	0.7
43410	0.91	0.694444
43420	0.85	0.7
43430	0.89	0.7
43440	0.86	0.694444
43450	0.82	0.688889
43460	0.94	0.683333
43470	0.89	0.694444
43480	0.79	0.694444
43490	0.85	0.694444
43500	0.85	0.694444
43510	0.85	0.694444
43520	0.89	0.694444
43530	0.88	0.688889
43540	0.84	0.688889
43550	0.84	0.688889
43560	0.87	0.688889
43570	0.86	0.688889
43580	0.8	0.688889
43590	0.86	0.688889
43600	0.87	0.688889
43610	0.87	0.688889
43620	0.89	0.688889
43630	0.89	0.688889
43640	0.8	0.683333
43650	0.87	0.688889
43660	0.82	0.694444
43670	0.89	0.694444
43680	0.83	0.694444
43690	0.84	0.694444
43700	0.82	0.694444
43710	0.87	0.694444
43720	0.9	0.7
43730	0.87	0.7
43740	0.92	0.694444
43750	0.87	0.694444
43760	0.87	0.694444
43770	0.85	0.694444
43780	0.9	0.694444
43790	0.84	0.694444
43800	0.82	0.694444
43810	0.87	0.7
43820	0.8	0.694444
43830	0.83	0.7
43840	0.85	0.694444
43850	0.83	0.694444
43860	0.78	0.694444
43870	0.84	0.694444
43880	0.81	0.694444
43890	0.93	0.694444
43900	0.88	0.688889
43910	0.9	0.688889
43920	0.84	0.688889
43930	0.89	0.688889
43940	0.87	0.688889
43950	0.85	0.688889
43960	0.84	0.688889
43970	0.86	0.688889
43980	0.88	0.688889
43990	0.81	0.7
44000	0.79	0.7
44010	0.84	0.705556
44020	0.89	0.705556
44030	0.83	0.705556
44040	0.87	0.705556
44050	0.89	0.7
44060	0.9	0.694444
44070	0.86	0.694444
44080	0.88	0.694444
44090	0.84	0.688889
44100	0.85	0.688889
44110	0.88	0.688889
44120	0.87	0.688889
44130	0.86	0.688889
44140	0.8	0.688889
44150	0.79	0.688889
44160	0.81	0.683333
44170	0.82	0.688889
44180	0.82	0.694444
44190	0.85	0.694444
44200	0.84	0.705556
44210	0.78	0.705556
44220	0.83	0.705556
44230	0.87	0.705556
44240	0.87	0.705556
44250	0.87	0.7
44260	0.85	0.694444
44270	0.88	0.688889
44280	0.84	0.688889
44290	0.8	0.688889
44300	0.86	0.688889
44310	0.84	0.688889
44320	0.79	0.688889
44330	0.84	0.688889
44340	0.87	0.694444
44350	0.88	0.688889
44360	0.87	0.688889
44370	0.87	0.688889
44380	0.83	0.694444
44390	0.76	0.694444
44400	0.87	0.694444
44410	0.83	0.694444
44420	0.9	0.688889
44430	0.89	0.694444
44440	0.87	0.694444
44450	0.84	0.688889
44460	0.78	0.694444
44470	0.85	0.694444
44480	0.85	0.705556
44490	0.81	0.7
44500	0.86	0.694444
44510	0.88	0.694444
44520	0.85	0.694444
44530	0.84	0.694444
44540	0.82	0.694444
44550	0.84	0.694444
44560	0.92	0.694444
44570	0.87	0.694444
44580	0.82	0.688889
44590	0.83	0.688889
44600	0.93	0.694444
44610	0.84	0.694444
44620	0.87	0.694444
44630	0.9	0.694444
44640	0.86	0.694444
44650	0.84	0.694444
44660	0.89	0.688889
44670	0.89	0.688889
44680	0.76	0.694444
44690	0.85	0.688889
44700	0.88	0.688889
44710	0.82	0.688889
44720	0.89	0.688889
44730	0.86	0.688889
44740	0.79	0.688889
44750	0.85	0.688889
44760	0.87	0.688889
44770	0.89	0.688889
44780	0.87	0.694444
44790	0.88	0.688889
44800	0.83	0.688889
44810	0.89	0.688889
44820	0.86	0.688889
44830	0.81	0.688889
44840	0.92	0.7
44850	0.83	0.705556
44860	0.88	0.705556
44870	0.88	0.705556
44880	0.84	0.705556
44890	0.83	0.705556
44900	0.84	0.705556
44910	0.85	0.705556
44920	0.86	0.705556
44930	0.85	0.705556
44940	0.85	0.705556
44950	0.91	0.705556
44960	0.86	0.705556
44970	0.86	0.705556
44980	0.83	0.705556
44990	0.84	0.705556
45000	0.86	0.705556
45010	0.9	0.705556
45020	0.82	0.705556
45030	0.88	0.705556
45040	0.89	0.705556
45050	0.83	0.705556
45060	0.88	0.705556
45070	0.87	0.705556
45080	0.85	0.722222
45090	0.84	0.727778
45100	0.79	0.727778
45110	0.9	0.727778
45120	0.86	0.727778
45130	0.85	0.722222
45140	0.81	0.722222
45150	0.92	0.722222
45160	0.89	0.722222
45170	0.87	0.727778
45180	0.88	0.727778
45190	0.89	0.722222
45200	0.83	0.722222
45210	0.84	0.722222
45220	0.93	0.722222
45230	0.84	0.722222
45240	0.88	0.727778
45250	0.83	0.727778
45260	0.91	0.727778
45270	0.88	0.727778
45280	0.89	0.727778
45290	0.87	0.722222
45300	0.91	0.722222
45310	0.84	0.722222
45320	0.82	0.722222
45330	0.84	0.722222
45340	0.84	0.722222
45350	0.87	0.722222
45360	0.79	0.722222
45370	0.88	0.711111
45380	0.87	0.711111
45390	0.79	0.711111
45400	0.88	0.711111
45410	0.91	0.711111
45420	0.88	0.705556
45430	0.89	0.7
45440	0.86	0.7
45450	0.92	0.7
45460	0.88	0.7
45470	0.82	0.7
45480	0.84	0.7
45490	0.88	0.705556
45500	0.85	0.705556
45510	0.86	0.705556
45520	0.85	0.705556
45530	0.84	0.705556
45540	0.9	0.705556
45550	0.9	0.7
45560	0.85	0.7
45570	0.89	0.7
45580	0.87	0.7
45590	0.92	0.711111
45600	0.85	0.711111
45610	0.85	0.711111
45620	0.84	0.711111
45630	0.82	0.711111
45640	0.85	0.705556
45650	0.91	0.705556
45660	0.82	0.711111
45670	0.89	0.711111
45680	0.89	0.711111
45690	0.91	0.722222
45700	0.78	0.722222
45710	0.83	0.711111
45720	0.84	0.711111
45730	0.8	0.711111
45740	0.86	0.711111
45750	0.88	0.705556
45760	0.84	0.711111
45770	0.88	0.711111
45780	0.81	0.711111
45790	0.81	0.711111
45800	0.8	0.711111
45810	0.93	0.705556
45820	0.85	0.705556
45830	0.87	0.7
45840	0.85	0.7
45850	0.81	0.7
45860	0.88	0.7
45870	0.87	0.7
45880	0.86	0.7
45890	0.86	0.7
45900	0.85	0.7
45910	0.84	0.705556
45920	0.82	0.7
45930	0.83	0.7
45940	0.88	0.7
45950	0.83	0.7
45960	0.86	0.7
45970	0.84	0.7
45980	0.81	0.7
45990	0.86	0.7
46000	0.85	0.7
46010	0.91	0.7
46020	0.86	0.7
46030	0.81	0.716667
46040	0.83	0.716667
46050	0.88	0.716667
46060	0.87	0.716667
46070	0.87	0.716667
46080	0.81	0.716667
46090	0.84	0.716667
46100	0.85	0.716667
46110	0.88	0.722222
46120	0.83	0.722222
46130	0.86	0.722222
46140	0.81	0.722222
46150	0.87	0.722222
46160	0.84	0.722222
46170	0.89	0.722222
46180	0.8	0.716667
46190	0.84	0.722222
46200	0.86	0.722222
46210	0.91	0.722222
46220	0.85	0.722222
46230	0.88	0.722222
46240	0.88	0.722222
46250	0.8	0.722222
46260	0.81	0.722222
46270	0.87	0.722222
46280	0.9	0.722222
46290	0.92	0.722222
46300	0.9	0.722222
46310	0.84	0.722222
46320	0.91	0.727778
46330	0.85	0.727778
46340	0.94	0.722222
46350	0.87	0.722222
46360	0.85	0.722222
46370	0.91	0.722222
46380	0.88	0.722222
46390	0.82	0.722222
46400	0.87	0.716667
46410	0.89	0.716667
46420	0.83	0.716667
46430	0.9	0.716667
46440	0.83	0.716667
46450	0.89	0.705556
46460	0.85	0.705556
46470	0.87	0.705556
46480	0.84	0.705556
46490	0.83	0.705556
46500	0.85	0.705556
46510	0.91	0.705556
46520	0.88	0.705556
46530	0.89	0.705556
46540	0.87	0.705556
46550	0.82	0.705556
46560	0.83	0.7
46570	0.88	0.7
46580	0.87	0.7
46590	0.9	0.7
46600	0.82	0.7
46610	0.82	0.7
46620	0.84	0.7
46630	0.89	0.7
46640	0.87	0.7
46650	0.84	0.7
46660	0.8	0.7
46670	0.83	0.7
46680	0.9	0.7
46690	0.88	0.7
46700	0.86	0.7
46710	0.88	0.705556
46720	0.86	0.705556
46730	0.86	0.705556
46740	0.89	0.716667
46750	0.83	0.716667
46760	0.9	0.705556
46770	0.9	0.705556
46780	0.89	0.7
46790	0.88	0.7
46800	0.87	0.7
46810	0.83	0.7
46820	0.77	0.705556
46830	0.85	0.716667
46840	0.84	0.716667
46850	0.95	0.705556
46860	0.81	0.716667
46870	0.85	0.716667
46880	0.82	0.716667
46890	0.87	0.716667
46900	0.86	0.716667
46910	0.88	0.716667
46920	0.83	0.722222
46930	0.83	0.722222
46940	0.89	0.722222
46950	0.87	0.733333
46960	0.89	0.733333
46970	0.89	0.733333
46980	0.85	0.733333
46990	0.88	0.733333
47000	0.85	0.733333
47010	0.88	0.733333
47020	0.86	0.733333
47030	0.83	0.733333
47040	0.88	0.727778
47050	0.8	0.733333
47060	0.83	0.733333
47070	0.84	0.733333
47080	0.79	0.733333
47090	0.92	0.733333
47100	0.89	0.733333
47110	0.83	0.727778
47120	0.9	0.727778
47130	0.87	0.727778
47140	0.88	0.722222
47150	0.88	0.722222
47160	0.81	0.722222
47170	0.9	0.727778
47180	0.84	0.722222
47190	0.83	0.716667
47200	0.87	0.716667
47210	0.89	0.716667
47220	0.86	0.716667
47230	0.82	0.722222
47240	0.88	0.722222
47250	0.9	0.722222
47260	0.87	0.716667
47270	0.83	0.716667
47280	0.9	0.716667
47290	0.8	0.716667
47300	0.83	0.716667
47310	0.9	0.711111
47320	0.87	0.711111
47330	0.83	0.711111
47340	0.88	0.711111
47350	0.9	0.711111
47360	0.83	0.711111
47370	0.86	0.711111
47380	0.8	0.711111
47390	0.87	0.711111
47400	0.88	0.711111
47410	0.83	0.711111
47420	0.85	0.711111
47430	0.83	0.711111
47440	0.9	0.705556
47450	0.78	0.705556
47460	0.87	0.705556
47470	0.85	0.7
47480	0.85	0.7
47490	0.81	0.7
47500	0.87	0.7
47510	0.83	0.7
47520	0.83	0.7
47530	0.85	0.7
47540	0.86	0.705556
47550	0.88	0.7
47560	0.85	0.7
47570	0.9	0.7
47580	0.87	0.7
47590	0.87	0.7
47600	0.84	0.7
47610	0.85	0.705556
47620	0.86	0.7
47630	0.83	0.7
47640	0.9	0.705556
47650	0.92	0.711111
47660	0.83	0.716667
47670	0.89	0.705556
47680	0.82	0.711111
47690	0.89	0.716667
47700	0.86	0.705556
47710	0.87	0.716667
47720	0.85	0.711111
47730	0.85	0.705556
47740	0.82	0.7
47750	0.85	0.7
47760	0.84	0.7
47770	0.9	0.7
47780	0.91	0.694444
47790	0.87	0.694444
47800	0.87	0.7
47810	0.77	0.694444
47820	0.84	0.694444
47830	0.87	0.694444
47840	0.84	0.694444
47850	0.87	0.694444
47860	0.91	0.705556
47870	0.88	0.705556
47880	0.9	0.705556
47890	0.89	0.705556
47900	0.79	0.7
47910	0.89	0.7
47920	0.88	0.711111
47930	0.83	0.7
47940	0.82	0.705556
47950	0.86	0.705556
47960	0.84	0.705556
47970	0.85	0.716667
47980	0.85	0.716667
47990	0.87	0.716667
48000	0.87	0.716667
48010	0.77	0.705556
48020	0.9	0.705556
48030	0.86	0.7
48040	0.88	0.7
48050	0.89	0.7
48060	0.86	0.705556
48070	0.82	0.7
48080	0.82	0.7
48090	0.88	0.7
48100	0.85	0.7
48110	0.87	0.7
48120	0.88	0.705556
48130	0.83	0.705556
48140	0.83	0.7
48150	0.85	0.7
48160	0.93	0.7
48170	0.8	0.7
48180	0.81	0.7
48190	0.91	0.705556
48200	0.84	0.705556
48210	0.9	0.705556
48220	0.82	0.716667
48230	0.91	0.716667
48240	0.82	0.705556
48250	0.87	0.705556
48260	0.88	0.705556
48270	0.93	0.705556
48280	0.89	0.716667
48290	0.84	0.722222
48300	0.89	0.722222
48310	0.89	0.722222
48320	0.87	0.722222
48330	0.95	0.711111
48340	0.87	0.705556
48350	0.82	0.716667
48360	0.88	0.722222
48370	0.88	0.716667
48380	0.88	0.722222
48390	0.82	0.716667
48400	0.87	0.722222
48410	0.89	0.722222
48420	0.91	0.722222
48430	0.87	0.722222
48440	0.83	0.722222
48450	0.95	0.722222
48460	0.9	0.722222
48470	0.91	0.722222
48480	0.9	0.722222
48490	0.89	0.722222
48500	0.88	0.722222
48510	0.89	0.722222
48520	0.87	0.722222
48530	0.86	0.722222
48540	0.9	0.727778
48550	0.89	0.727778
48560	0.83	0.727778
48570	0.87	0.727778
48580	0.82	0.722222
48590	0.84	0.722222
48600	0.88	0.727778
48610	0.86	0.727778
48620	0.85	0.727778
48630	0.87	0.727778
48640	0.85	0.727778
48650	0.91	0.727778
48660	0.88	0.727778
48670	0.88	0.722222
48680	0.89	0.722222
48690	0.89	0.716667
48700	0.84	0.716667
48710	0.89	0.716667
48720	0.85	0.727778
48730	0.9	0.727778
48740	0.83	0.727778
48750	0.91	0.727778
48760	0.84	0.727778
48770	0.86	0.727778
48780	0.84	0.727778
48790	0.83	0.727778
48800	0.88	0.727778
48810	0.89	0.727778
48820	0.87	0.727778
48830	0.81	0.711111
48840	0.85	0.711111
48850	0.84	0.711111
48860	0.8	0.711111
48870	0.91	0.711111
48880	0.87	0.711111
48890	0.86	0.711111
48900	0.86	0.711111
48910	0.92	0.711111
48920	0.88	0.711111
48930	0.86	0.711111
48940	0.85	0.711111
48950	0.88	0.711111
48960	0.87	0.711111
48970	0.84	0.711111
48980	0.86	0.711111
48990	0.92	0.711111
49000	0.92	0.711111
49010	0.89	0.711111
49020	0.85	0.711111
49030	0.92	0.711111
49040	0.88	0.711111
49050	0.88	0.711111
49060	0.86	0.711111
49070	0.82	0.711111
49080	0.84	0.705556
49090	0.86	0.705556
49100	0.9	0.711111
49110	0.91	0.711111
49120	0.85	0.711111
49130	0.87	0.705556
49140	0.89	0.705556
49150	0.8	0.705556
49160	0.89	0.705556
49170	0.84	0.711111
49180	0.87	0.705556
49190	0.86	0.705556
49200	0.9	0.705556
49210	0.86	0.716667
49220	0.86	0.722222
49230	0.81	0.722222
49240	0.85	0.716667
49250	0.88	0.716667
49260	0.88	0.716667
49270	0.87	0.711111
49280	0.88	0.705556
49290	0.87	0.705556
49300	0.92	0.705556
49310	0.89	0.705556
49320	0.87	0.705556
49330	0.88	0.711111
49340	0.83	0.711111
49350	0.85	0.711111
49360	0.83	0.711111
49370	0.87	0.727778
49380	0.84	0.727778
49390	0.88	0.727778
49400	0.86	0.727778
49410	0.85	0.727778
49420	0.78	0.727778
49430	0.87	0.727778
49440	0.86	0.727778
49450	0.9	0.727778
49460	0.86	0.727778
49470	0.91	0.727778
49480	0.83	0.733333
49490	0.84	0.727778
49500	0.9	0.727778
49510	0.88	0.727778
49520	0.84	0.727778
49530	0.86	0.727778
49540	0.84	0.727778
49550	0.85	0.727778
49560	0.9	0.705556
49570	0.87	0.711111
49580	0.89	0.711111
49590	0.89	0.711111
49600	0.82	0.711111
49610	0.83	0.711111
49620	0.85	0.711111
49630	0.83	0.711111
49640	0.88	0.705556
49650	0.87	0.711111
49660	0.88	0.711111
49670	0.88	0.711111
49680	0.87	0.711111
49690	0.87	0.711111
49700	0.89	0.716667
49710	0.84	0.711111
49720	0.87	0.711111
49730	0.89	0.711111
49740	0.93	0.716667
49750	0.82	0.716667
49760	0.91	0.716667
49770	0.83	0.716667
49780	0.88	0.716667
49790	0.89	0.716667
49800	0.87	0.716667
49810	0.85	0.716667
49820	0.87	0.716667
49830	0.86	0.716667
49840	0.88	0.716667
49850	0.84	0.716667
49860	0.83	0.716667
49870	0.79	0.716667
49880	0.88	0.716667
49890	0.87	0.716667
49900	0.86	0.716667
49910	0.89	0.716667
49920	0.89	0.727778
49930	0.81	0.727778
49940	0.84	0.727778
49950	0.89	0.716667
49960	0.84	0.716667
49970	0.84	0.727778
49980	0.78	0.733333
49990	0.9	0.738889
